0; 451354.93507159373; 495549.00565607275; 538084.9719625236
1; 444328.48620436114; 482847.5973740252; 525458.7429453077
2; 422838.6569889879; 466844.5722566079; 505629.4949592946
3; 422406.20897492976; 454337.5671741829; 502699.9010952699
4; 407176.3170361288; 444056.32055877894; 488152.1339973032
5; 410740.60947644815; 435096.6395530163; 477030.0283739546
6; 388682.6484461848; 425675.67149273783; 466521.101415658
7; 386829.458096819; 419229.87108670187; 462886.9309244656
8; 383295.4909062635; 410837.65774894744; 451563.98578558693
9; 372846.6959704386; 399676.8523776949; 441765.34684371913
10; 368795.4758685988; 388180.61447441747; 427258.5117737134
11; 355141.83498219; 379884.3565423097; 403790.92831357353
12; 344908.89258572296; 373232.88812037895; 399207.6328290026
13; 337157.1727765341; 365891.2187020626; 391755.68957357795
14; 331452.62727917166; 356059.0542999388; 391700.0836077449
15; 325610.37959065306; 344911.8954487418; 379624.837296394
16; 313009.1953467208; 337763.24648336985; 361667.04021116596
17; 308442.92405854166; 330067.14272693347; 353323.1938751304
18; 298453.11974367005; 321138.5784271286; 349680.42345330265
19; 296949.1485483075; 314785.0558621527; 337888.01176003023
20; 291048.44696812064; 309840.4672422243; 332265.3246375124
21; 286545.73117836047; 305525.6401440901; 329920.6889699721
22; 283461.47179893905; 301532.7230885529; 322892.80237793486
23; 278181.4552641239; 298059.60359365697; 322332.83878105
24; 275747.31663592433; 295395.92895443266; 323356.36719382525
25; 273134.799347511; 291751.58239466825; 319319.3186077751
26; 269828.2662087531; 287818.1000342708; 315244.9748784683
27; 264086.85913719743; 284546.03545046074; 313051.15584098076
28; 262528.67761251936; 279701.8434824205; 308062.69887435035
29; 260991.2528635616; 274650.5135330481; 300245.9616318888
30; 255130.40819227858; 270381.9818821412; 293687.76302961895
31; 254443.29436386604; 267389.3364835861; 296681.9775156957
32; 250568.1941278239; 265467.2348490906; 284772.21662168746
33; 250236.31668851734; 263691.532710911; 286134.42378606944
34; 245951.60464325192; 262101.37565111593; 284868.3172256245
35; 245709.7487691573; 260354.8677311633; 281425.83505373937
36; 243055.58794929803; 258198.74708815524; 281825.38064849586
37; 240247.44840717182; 255341.15362676227; 276704.69712460885
38; 238288.69710326736; 253386.7776294778; 275662.7202568729
39; 238119.64684706574; 251435.9265485844; 274436.2565582136
40; 235545.66401019137; 249307.16388273024; 275240.3356811896
41; 235197.50543858716; 247290.89601339222; 273533.07864907844
42; 232638.0658363557; 243581.62806400273; 265318.2174559263
43; 230076.96152619692; 240687.88668297936; 260518.46538320562
44; 226051.98391193588; 239254.0853439044; 260068.9045423987
45; 223655.1935561297; 237924.00513930083; 253321.43169355582
46; 226049.15899632504; 235826.10713980274; 255191.0132924385
47; 222106.08739972932; 233754.18497551448; 250049.70702844567
48; 221718.66704501337; 231833.9756711181; 251469.16307841436
49; 218814.1465070018; 230623.10547742658; 249588.3900577162
50; 218095.67049168056; 229295.34077871096; 245929.16746923255
51; 215879.2718824206; 228096.04133219074; 246219.03404597985
52; 215879.2718824206; 227317.7656621234; 249558.78255748123
53; 215154.0434923423; 225991.8744576572; 246303.8080715183
54; 213087.75968958318; 224888.3893747578; 242740.0727047503
55; 211816.38490064224; 224149.1670420802; 244925.30687769936
56; 209681.3126777606; 222679.48415842772; 244460.46309502528
57; 208045.67648418978; 221733.780602682; 240424.56314750123
58; 208045.67648418978; 220955.36551885592; 239451.3226962377
59; 207916.90211841674; 220068.38586926268; 242103.8680366118
60; 204984.25464974178; 218279.41828419542; 240007.6167941964
61; 205698.54155919375; 215778.24363137246; 239550.90232913446
62; 201175.97951370254; 213524.60791677682; 234824.0151603405
63; 200202.24758200586; 211596.19030471117; 230550.30160224202
64; 198943.62995568203; 210149.51811860868; 227848.27980420232
65; 197969.71290292928; 208364.75585797703; 224852.6473445567
66; 195656.12934903515; 206791.87300023512; 224410.89787483186
67; 195656.12934903515; 205643.8940610766; 224378.3821639072
68; 190218.8683236546; 204299.2172739362; 220748.9074239855
69; 189809.59957193534; 202724.76899671525; 221344.1346565091
70; 190218.8683236546; 201567.34035646587; 223005.2785664347
71; 187807.42173210616; 199344.343694247; 219482.80357091926
72; 185270.2473420303; 196218.19166147; 215094.96105307926
73; 183907.3520390198; 194484.74684819035; 210903.9917176658
74; 181236.99471897355; 192789.73361673567; 209580.16042175813
75; 180593.3167666226; 191369.22011982414; 210113.67644789073
76; 177808.18607750972; 190192.0128936958; 205362.23885160466
77; 177703.48194851642; 189145.65375498155; 208945.9495759063
78; 177073.37688179765; 187138.69382845509; 206415.43106766848
79; 175538.57600253588; 185669.84769543607; 205107.35443244517
80; 173812.8704357763; 184153.75677922508; 202558.29093957695
81; 170799.78930844233; 182860.27267791473; 199701.41611432444
82; 170685.95150089473; 181396.7449869918; 201004.95204808054
83; 168701.89892059242; 180286.45238752547; 199472.5390111018
84; 168310.23341292096; 179509.6307637091; 197786.26054946578
85; 169307.20387662423; 179366.32544738747; 197460.57471135436
86; 168808.0763561686; 179393.03520810974; 196691.50351175893
87; 166824.74184908697; 178758.4601822345; 197226.22364668004
88; 166562.69844663894; 177925.6705691448; 199018.50979648065
89; 167188.55872104922; 177230.15816423888; 196682.43103307433
90; 167087.09658040438; 176256.90319641514; 195026.11231202658
91; 164693.2050411008; 175602.4709883834; 195178.08748142334
92; 164693.2050411008; 175104.09467431056; 195703.94185913246
93; 164826.0851273715; 174282.79027787357; 194221.36074304485
94; 161089.5176249517; 173474.1849171279; 195773.87776351208
95; 161247.3719100779; 172249.54121030538; 192524.016554888
96; 161047.30869502385; 171516.60019065367; 193040.06975338922
97; 159618.7890019679; 170263.78519812063; 190002.87479210945
98; 159416.6946020051; 168422.79703531548; 188833.22071678276
99; 157781.5708379605; 166152.79572642662; 184067.05604669315
100; 157138.63998458337; 164723.5922516179; 179326.73411951755
101; 156669.2400113586; 164243.69461221228; 179688.5307108286
102; 156668.83073584936; 163458.67821836812; 177027.56458558704
103; 155452.0727753758; 162915.78396210502; 178269.33380732022
104; 155452.0727753758; 162136.2309343244; 174438.19176343805
105; 154056.77949724213; 161388.92179694053; 175929.06866142357
106; 154019.26228901622; 160753.41875461242; 178505.01359617742
107; 153210.9961689861; 159508.17416519654; 175076.3381344298
108; 151283.03472153726; 158111.83875462404; 172973.44377707771
109; 150631.55858142386; 157156.12935360137; 170686.6174178191
110; 150332.1478994599; 156193.9650450478; 167525.67084772565
111; 147317.11980581057; 155227.43875847166; 168828.50877199008
112; 146242.12132072158; 154519.47201306076; 167209.2906492009
113; 146980.2740454337; 153685.36659418672; 169493.2940309264
114; 146530.73367702743; 152797.241463749; 166620.9513492511
115; 145934.78601214345; 151542.17134850708; 164147.20735166722
116; 145447.42485355152; 150810.27744833144; 163894.8565456342
117; 143708.15395220692; 150492.2679112076; 163857.6017384409
118; 141688.47079435538; 150245.57678006755; 164708.4465520133
119; 141688.47079435538; 149784.2310795694; 162445.88858563884
120; 139949.77559252907; 148917.02572620154; 162826.17824352288
121; 139949.77559252907; 147811.16850107315; 160279.43168611068
122; 138098.7260192825; 146404.34642534968; 159977.37496586607
123; 137279.57921668814; 144626.78657576893; 156251.47069279896
124; 137087.5246334071; 143672.76656336457; 155984.92383360388
125; 136582.26665640858; 143168.85245245075; 158545.0951684796
126; 134677.2646131582; 142717.962833621; 155651.9400219057
127; 135439.1220947171; 142152.74774396355; 157192.09205779116
128; 134316.68166203023; 141804.08426746674; 154197.1071968476
129; 133905.7637493504; 141102.67954635376; 157212.95952266082
130; 133917.486609996; 140906.74333902405; 154578.19273284436
131; 130769.68527071996; 140480.6777450699; 153543.92009251812
132; 130533.14895158133; 139848.84523857516; 153253.05875818565
133; 130808.8470908184; 139745.61810415608; 154536.62445723772
134; 130144.1246341937; 138786.24674133523; 155944.20136091585
135; 130257.42609241052; 137692.5882995232; 151763.43460068115
136; 129710.80238505184; 136504.81669801622; 153846.27426649292
137; 129142.60441274219; 135353.478477256; 150785.21622972866
138; 128420.1163143607; 134764.2688963061; 150776.18983458274
139; 128129.02032350395; 134152.0565689339; 149112.50662416135
140; 126007.0065552846; 133504.38547626717; 146619.9603619336
141; 126007.0065552846; 132299.4619301107; 145930.06081920015
142; 126007.0065552846; 131377.72972204364; 146038.83399259334
143; 125521.7827663988; 130458.34122579095; 142849.32791974538
144; 124373.16731216456; 129987.19791403967; 141637.7770636666
145; 124011.56945818997; 129871.68068909798; 141132.8837026913
146; 124011.56945818997; 129661.03267996776; 142385.7777183856
147; 124011.56945818997; 129358.73272766691; 143425.8979073587
148; 123044.08028501975; 128829.83887956297; 142210.15282442403
149; 121812.36312809109; 128232.58496315594; 143013.2421728581
150; 121812.36312809109; 127865.60601769893; 141788.0603408847
151; 122476.824387755; 127609.18610699066; 145100.66633398886
152; 121924.75690682213; 126642.82511973535; 138307.40076212623
153; 120545.60618401055; 125059.5200391199; 137867.191832342
154; 120700.22521604397; 124943.51976417439; 136668.17775929518
155; 120336.58270635043; 125283.35040159321; 138098.24642124888
156; 120336.58270635043; 125536.69392652996; 137974.1988403575
157; 120071.94778877373; 125474.67518066571; 140103.14728652095
158; 119509.38026180821; 125059.97479538925; 136689.00573905453
159; 119352.14249086093; 124714.32310285677; 137997.21912798876
160; 118252.67883261922; 124598.45508511899; 136832.3479078072
161; 118124.0809094282; 124553.54748086582; 136997.64074557982
162; 118252.67883261922; 124271.69424899641; 135544.90973176123
163; 117970.47942266236; 124072.48035240683; 135296.24408445045
164; 118275.33488475841; 123644.69418075071; 136220.1808308861
165; 117390.8204541295; 122474.91558412848; 139570.1524755981
166; 116972.40038937905; 122094.04453663524; 134299.90781675917
167; 117189.37192279218; 121959.15448879387; 135811.85501796548
168; 116293.63091377133; 121758.24832579696; 132686.9749981243
169; 114804.39441419959; 121761.2942369889; 133063.35672404195
170; 114804.39441419959; 121908.26464844901; 136704.23209068255
171; 114778.35657497535; 121762.69639084805; 135494.63065909775
172; 114778.35657497535; 121798.51017588776; 135248.86539398486
173; 114414.82083744714; 121613.7874572173; 137321.69064648627
174; 114778.35657497535; 121429.38474643254; 136030.053915567
175; 113286.22282674284; 120885.36708866023; 134086.99944116693
176; 113286.22282674284; 120548.24617379453; 134549.53086542152
177; 112861.86840430454; 119886.61881471376; 137805.0055724104
178; 112387.38636236588; 119253.03504205606; 131383.3132001169
179; 112424.02206489032; 118833.07717978471; 131858.53205509108
180; 111682.83002671055; 118353.94483125879; 135268.16019250723
181; 111680.05951819716; 117503.63020220127; 130419.29361092164
182; 110370.88441345295; 116673.01631771095; 128628.96015877568
183; 108820.93075308399; 116040.93068366882; 128081.16111964436
184; 108799.5418501213; 115608.0414227953; 130469.82854435213
185; 107360.8440821934; 115057.71480228615; 128856.4225744495
186; 107360.8440821934; 114202.00264910237; 127646.3051633129
187; 107138.76641623458; 113903.03258279707; 128414.06368884812
188; 105336.82210517304; 113001.80608411646; 129024.29033911556
189; 105336.82210517304; 111823.70351967536; 127505.58794526101
190; 105146.97144177277; 110821.43623782745; 122419.31554134618
191; 105120.98203825986; 110393.62038208936; 122763.29615354231
192; 104106.99147401069; 109873.76308735828; 121684.44514536178
193; 104831.519515251; 109275.38590973402; 121134.39775629294
194; 103391.88202093057; 108399.75434820635; 120162.12446356616
195; 103031.45140892464; 107753.53259305982; 118180.12078660021
196; 101935.93031622918; 107362.4799340047; 118320.83998068253
197; 101602.47068322854; 106502.6244482935; 117469.24522504423
198; 100387.4431136471; 105798.22269696904; 116706.846341917
199; 99721.46043823501; 105189.3009346568; 116688.38840427146
200; 98678.01386874278; 104510.60636804443; 116713.42163455176
201; 98205.53998600252; 103827.1433982971; 116718.24516722129
202; 97378.01944877823; 103066.71810020562; 115442.92836804985
203; 97378.01944877823; 102742.33579806425; 116638.82915224977
204; 96707.47932565947; 102298.26544697843; 114362.02933633058
205; 96547.8782162512; 101941.91113961484; 113402.26499782447
206; 96484.30700404603; 101735.00304449702; 114391.635400182
207; 96250.86372939726; 101256.6461257483; 114096.59750409656
208; 94182.46538543396; 100557.1351164443; 112960.06808442803
209; 94409.7779429405; 99652.0506779085; 111001.25081144586
210; 94003.90829139916; 98665.4419909638; 111376.28495036323
211; 92582.91932300368; 97556.47361237473; 107808.17537235607
212; 90888.56114549306; 96985.21509599722; 108245.36991333726
213; 89924.49217913323; 95828.08531283989; 109522.42051648385
214; 89634.97665239146; 94102.97516726033; 106548.85428415239
215; 88559.10803020257; 93026.3492728586; 106567.32214344227
216; 88891.1179039655; 93070.30705860913; 103476.49561059327
217; 88156.93885336947; 92915.28619325119; 104376.55048989756
218; 87783.39188535481; 92599.4950969771; 103638.09265884025
219; 87520.71494734034; 91653.69546068183; 101692.29132993496
220; 87177.88112313238; 89861.19904877647; 101102.99896163541
221; 86206.11309790812; 89268.7306534288; 98983.1553400825
222; 85400.67168433058; 89334.20457143047; 100200.87841148385
223; 85124.16064034383; 89144.91912986025; 99983.14116690985
224; 85061.42545823056; 89073.39210558512; 101641.0543927738
225; 83807.62164860395; 88827.38738397574; 99568.58355856713
226; 83540.48214414572; 88035.81849876035; 100134.81601343902
227; 83326.665244943; 87092.04020096186; 98719.56384065567
228; 82285.9991519892; 86373.20677435969; 97101.47245500787
229; 82248.94455023177; 85733.08800945843; 97190.84163038436
230; 82049.8272734688; 85472.15226111391; 94542.22400440091
231; 81692.29712133436; 85328.50778100724; 95231.06962473916
232; 81251.5342861558; 84934.19464975485; 96553.45769155369
233; 80819.62711537674; 84768.00172648787; 95670.93317813659
234; 80610.73697021237; 84511.9514296976; 97557.4139549951
235; 79941.38808356218; 84429.5340913459; 97341.76225670685
236; 79666.79434136915; 83772.4102721234; 94974.97164338283
237; 79335.60774009727; 83026.36761363928; 95942.84747379135
238; 78089.21305241599; 82564.8388607486; 92958.49547522602
239; 77532.45402127941; 81765.72373729688; 92334.4501333146
240; 77554.92462552848; 80773.25114150581; 91896.51975322359
241; 76555.14475335859; 80054.50537448571; 91883.4047478673
242; 76411.51522616358; 79722.42663418925; 90581.94622567682
243; 75727.46297085765; 79384.83390995482; 90501.80596839213
244; 75342.96788923719; 78921.27278730771; 89713.48734288727
245; 74957.18017444041; 78273.01198988469; 89124.31531584637
246; 74696.08849315433; 77488.65002398276; 89009.24593749503
247; 74533.57185872328; 77241.78414624218; 87571.68925077717
248; 74127.37241486274; 76970.05510018463; 87671.20352890815
249; 73420.87655203554; 76787.37436465945; 86543.31871830575
250; 72728.76899927245; 76717.28120901625; 86728.16860940626
251; 72396.37936837824; 76453.22692022994; 86085.55782740637
252; 72050.90508063526; 76260.46531117361; 87612.44833675037
253; 71800.08197875664; 75343.05591517824; 85499.54368412221
254; 71570.47158796345; 74682.75581417322; 86323.03929632893
255; 71192.99782764459; 74224.08408314957; 84929.19093041305
256; 70867.14650285892; 74102.11748884905; 83784.34882160481
257; 70762.02619448246; 74194.3302506238; 83645.27291216387
258; 70346.78791559092; 74214.39301921341; 84915.98928617552
259; 70346.78791559092; 73960.24579300563; 85497.75002140098
260; 69525.07644732967; 73528.29607311272; 84117.31998405
261; 69367.59812885972; 73303.35394935665; 84031.82334115476
262; 69129.25684884546; 73220.12830460057; 84475.9076974153
263; 68988.084376018; 71707.9468138873; 82031.20755334783
264; 67734.51610819258; 71099.27301131247; 81643.72658232102
265; 67723.53103595288; 70623.64983523778; 79988.30363206944
266; 67189.4812020699; 70321.24843266049; 80312.74691798312
267; 66649.73029158398; 69861.8463136886; 80011.45471593617
268; 66402.35896273536; 69475.61743102566; 79719.99210035353
269; 66019.41281558767; 69209.49666927636; 80812.51664587588
270; 65841.59112488963; 68745.27245934399; 79215.57327092308
271; 65041.30934926714; 68690.5827301944; 78659.5501387509
272; 64793.451360242376; 68304.57346669775; 79452.17635298132
273; 64316.24228934073; 68088.08552328977; 78106.0277362392
274; 63597.76062477834; 67754.23285266929; 79642.66306640109
275; 63033.25537153426; 67147.13050232828; 78842.8234357219
276; 62693.69004815579; 66196.4927946283; 77321.21463877223
277; 62551.1432257965; 64994.95816800857; 76051.67245958207
278; 61540.30819299307; 64658.34714185904; 75467.93608447176
279; 61087.18129839289; 64434.76038437505; 75394.62777035187
280; 60746.802563843296; 63852.34053320876; 74590.06281048767
281; 60464.26090189888; 62873.546634748025; 72864.85677197314
282; 60037.16087023037; 62637.39756612357; 73358.4911169672
283; 59556.68499433954; 62774.531679349406; 73933.66111192571
284; 59387.779674486956; 61898.25294695393; 73032.75544215391
285; 59072.254057411796; 61086.53257944524; 71587.34723107358
286; 58501.882314129136; 60990.363247891255; 71589.75299842529
287; 57968.3336587589; 61123.61899293559; 72909.52965691911
288; 57833.643789170645; 61134.604179043235; 72508.8476463718
289; 57286.46210335635; 60682.32785105888; 72215.50889580829
290; 56852.666661366275; 60260.12122430539; 71372.09105567778
291; 56659.42009568209; 59732.813379193205; 71459.03379926649
292; 56567.10354876836; 58950.894096069984; 70522.09597028386
293; 55893.6018643921; 58146.218867178846; 69710.07854339194
294; 55690.51707250956; 57774.914034828136; 68706.8218697584
295; 55152.728442307336; 57731.14395317497; 69987.20529231026
296; 54795.26361582478; 57656.65791204944; 68196.2568320547
297; 54417.23814667915; 57155.52243867612; 67611.67078370169
298; 54417.23814667915; 56600.947860110544; 68587.2672057383
299; 53969.22270000499; 56368.17080987701; 68043.30884124125
300; 53837.80266339034; 55983.89980751855; 66347.74098886951
301; 53508.0914998048; 55866.021692480885; 65754.28344592566
302; 53095.327476827544; 55976.64025110346; 66569.321473067
303; 52367.84193034191; 55871.02387592637; 66107.11266376615
304; 52227.22973050218; 55442.16185848685; 65734.79710097372
305; 51772.74613545616; 54819.86802864584; 65147.86808848097
306; 51719.11814254758; 53957.450437404455; 64815.642011058
307; 51559.11203185221; 53591.05820574029; 65974.68581340114
308; 51358.817769875655; 53692.97395256729; 64958.7156982702
309; 50814.07453137334; 53289.405488364326; 64037.8325516228
310; 50687.53857871433; 52803.387352905214; 62560.137080691195
311; 50487.90321768466; 52697.93358402128; 62500.28227357681
312; 50104.78495799141; 52246.54441738782; 63541.15056922167
313; 50088.49461616602; 51911.70807898123; 61957.30387600077
314; 49613.73086856455; 51665.80377974302; 62661.02075828934
315; 49324.6662829895; 51581.01945355324; 61884.74645000076
316; 49242.75851609611; 51748.02338013096; 63831.096612543326
317; 48897.02401694405; 51774.477202221475; 62248.73899913996
318; 48360.505779524276; 51571.65860812869; 61808.45004232803
319; 48286.94640117165; 51170.73757937498; 62694.11358198169
320; 47743.86903743992; 51068.529369912896; 61185.32042723401
321; 46830.94443569651; 50727.5776965999; 60823.8412680188
322; 46830.94443569651; 50110.41840234635; 60356.86633882468
323; 46486.78521646828; 49623.78008528593; 59117.046022736664
324; 46486.78521646828; 49555.65228824992; 59959.30589688267
325; 46475.447995237664; 49088.09929427867; 60367.826984905085
326; 45971.49847622442; 48658.528170898666; 58885.72802470365
327; 45707.325028274; 48087.50935397467; 57938.74520440105
328; 45535.482561636476; 47499.346726351934; 57612.65096469431
329; 45506.113236740064; 47132.24382843648; 59573.67346615491
330; 45297.69019510279; 46910.97217474725; 58700.23786176151
331; 45292.18649134943; 47011.54940893999; 58235.27826159464
332; 45142.72200550904; 47576.94564793161; 58673.79120883795
333; 45021.212084302; 47609.892776606626; 58400.434268465244
334; 44846.853881894815; 47651.34027650696; 59803.508150040834
335; 44846.853881894815; 47827.97999936291; 58294.45422939621
336; 44739.18388935565; 47365.37447701392; 58656.342393050596
337; 44616.352690639535; 46997.332366732626; 58674.125998758456
338; 44480.940853438755; 46947.95662246542; 57478.53238776076
339; 44383.89808786204; 46734.09427688893; 56408.69263285989
340; 44063.40828402696; 46990.792563940624; 57934.96191252722
341; 44020.8409637139; 46762.694663499344; 58298.847461978025
342; 43929.64135353045; 45877.26060827544; 57727.93851230825
343; 43773.5404756783; 44955.846387900514; 54660.602538089835
344; 43641.03193395369; 44839.41761498806; 55212.14513782399
345; 42653.669443785504; 44959.01862354807; 55172.283305477045
346; 42453.59709787934; 44871.33062305528; 54917.967164071924
347; 42205.56076060639; 44793.89595707701; 54502.77633911609
348; 41905.04196832794; 43947.46983023754; 54308.37973104645
349; 41854.125200736824; 43146.39148687307; 53582.12293920468
350; 41753.97745470441; 42901.3276021277; 53967.771652465926
351; 41649.08025135456; 43310.997443615954; 54439.76971266996
352; 40818.31072294715; 43617.64011069202; 52867.531853119195
353; 40780.71769401964; 43451.75458457514; 53707.099776998955
354; 40634.76098310219; 43291.03720785735; 54070.73762152978
355; 40579.88270043156; 42395.55231501363; 55141.38608123569
356; 40432.29409361622; 42128.85535564127; 50965.470139342004
357; 40351.812748149016; 42571.54977180697; 53185.86123072397
358; 40145.87776631306; 42307.14578721112; 53271.33261662196
359; 39981.546701437655; 41949.35909031146; 51802.85070092612
360; 39883.56730474323; 41889.352256328435; 52754.31476309642
361; 39705.582350890356; 41634.89067774501; 52999.85785135249
362; 39494.952511416435; 41259.201830579215; 51727.97229053709
363; 39307.43729491572; 41339.22420921419; 52727.46897927
364; 38926.822511759165; 41102.46246501682; 51714.80922411223
365; 38872.04236752786; 41036.031847004146; 52051.53481945251
366; 38677.16471246922; 40588.58855792513; 51661.897652058076
367; 38571.746845726346; 40383.01383212266; 51047.662329774146
368; 38409.15968564693; 40276.88365702781; 53338.61227957796
369; 38163.707497133386; 39761.12169723187; 49733.83439601048
370; 37982.06902390801; 39456.572930208; 50482.71573366553
371; 37888.5780873473; 39406.45151364382; 49474.55635473664
372; 37721.10375158606; 39401.0137549219; 49270.64013743192
373; 37689.55548539211; 39180.165005306706; 49109.191164606746
374; 37568.74687406837; 39056.55663790378; 48460.7757714175
375; 37490.91415781421; 39068.389661850524; 49115.66162162696
376; 37311.07210508943; 39061.842450536984; 49595.49785990805
377; 37159.21416766434; 38991.52759834488; 49324.11476560486
378; 37021.71840149166; 38888.63510167362; 49348.01170751424
379; 36876.571424457936; 38629.956081136006; 49348.39291861202
380; 36854.26489363756; 38112.56171699057; 49597.43495687378
381; 36607.205163712126; 38180.500631510025; 48051.74355507296
382; 36513.81376373759; 37910.4684615686; 48693.879923210174
383; 36265.98024622404; 37797.555696432726; 48766.249619294904
384; 36255.4426009043; 37797.851351746765; 48383.71051254425
385; 35976.198163384295; 37548.327099399816; 48905.880210300485
386; 35913.8405714227; 37510.190029457626; 48928.81240090467
387; 35737.30819324198; 37461.9556693678; 48591.3236795097
388; 35626.161013314806; 37054.49928074843; 47090.58338688422
389; 35421.74447832532; 36946.33558923156; 47368.29211955186
390; 35314.148083060536; 36814.896678782614; 47605.59282554549
391; 35128.38320155022; 36634.33388394935; 46310.410369203484
392; 35022.32073235966; 36569.00525545816; 48020.713852124034
393; 34703.47390258522; 36780.23024410203; 49752.805812916056
394; 34680.14224053646; 37323.03237150978; 47887.138755414184
395; 34603.51299234226; 36340.5966023832; 47487.208345139356
396; 34464.9719396775; 35929.9938067541; 47223.29005480791
397; 34349.326337937266; 36167.126716878134; 46923.12712331613
398; 34308.721191657; 36261.652025785836; 47257.82633907982
399; 34254.11104077541; 35904.33406872106; 46940.06832657956
400; 34135.986500737505; 35797.51282460014; 47428.60353374239
401; 34056.0417454428; 36046.60843308675; 46602.720325716946
402; 34059.93105028359; 35373.8041749748; 46217.69599232023
403; 33996.62605542605; 35044.36719797287; 46088.53668707799
404; 33927.211415284364; 34937.72600428245; 46826.98801168773
405; 33895.40617211079; 34985.13166177042; 44989.661745547855
406; 33848.16380461897; 35222.413917234255; 45926.12018790766
407; 33771.25017591483; 35483.45669589008; 46374.49887826735
408; 33556.38312995684; 35672.18774123504; 46152.8372140828
409; 33512.176380933735; 35445.58046145571; 46053.80447092813
410; 33433.56563622403; 35321.95601754198; 46061.213072293
411; 33299.11533926428; 35296.58221121132; 46390.126483906424
412; 33276.459244467136; 35022.32214104668; 45561.74602606547
413; 32991.23780769366; 35156.042363463945; 45512.718839808316
414; 32991.23780769366; 35038.145063663294; 45959.06622111939
415; 32831.4111722172; 34983.216976113705; 45663.18435088353
416; 32692.66148660062; 34913.66624377243; 46240.251941672315
417; 32744.575457756455; 34807.726073493555; 45757.18017905199
418; 32623.789340374475; 34555.11230861807; 46990.49368882497
419; 32551.486844202045; 34426.14660366444; 45216.845186178
420; 32482.097379099134; 34467.25778702716; 45659.89832308791
421; 31967.94902403816; 34547.5248127712; 46570.972304187235
422; 32341.529994286426; 33914.987424441395; 44765.74186525364
423; 32232.560444495757; 33378.14743608419; 46281.27234586785
424; 32190.731490159127; 33299.64387978623; 45062.44935476153
425; 32124.582814922; 33676.02924585505; 45646.89567551213
426; 31349.486931713884; 33574.8241967113; 44678.2071239759
427; 31191.922612947335; 33692.953762102734; 44431.08989205461
428; 31165.40636723862; 33486.580202922596; 47756.637740753504
429; 30967.174178089586; 33131.21475670079; 43799.91433894329
430; 30896.428063802756; 32315.828822820346; 43100.06758914532
431; 30699.709920191595; 32090.442862931213; 42698.806168823496
432; 30652.89453823237; 32193.98313254563; 43007.280628897526
433; 30612.660799421094; 31858.129352449014; 43453.72409093028
434; 30527.104174917484; 31900.119999019575; 42650.25407192777
435; 30463.78393689835; 31544.232949690388; 42388.51059696428
436; 30185.970946622907; 31541.992793580775; 43216.39629655971
437; 29950.57732366068; 31671.259713661337; 42213.53432658878
438; 29877.384421620543; 31578.139345243508; 43186.20865155784
439; 29778.602404416306; 31368.384654365735; 41117.89004470921
440; 29775.622114163234; 31480.077515437628; 40665.0230233231
441; 29694.956447328277; 30983.679705043683; 40703.943291762414
442; 29658.730691260007; 30782.562341356163; 42644.75254437993
443; 29518.504628883948; 31016.2776529906; 42928.28040780633
444; 29504.576752882018; 31048.972560751747; 42766.61589470171
445; 29414.734466578208; 30840.54158706244; 41510.786820404086
446; 29240.804993479116; 30718.222225999667; 41190.713435891674
447; 29183.726973563556; 30477.990803532306; 41589.97178299773
448; 29025.65700273798; 30352.54927379056; 41693.70284439831
449; 29017.974711243067; 30303.386072927526; 41771.75782147513
450; 28948.17659933381; 30216.851286062418; 41729.76600064739
451; 28870.850230380034; 30145.09905990694; 41220.75353836022
452; 28798.085873396754; 30093.90575521895; 40374.008737229495
453; 28798.085873396754; 30081.33730073462; 40969.534394637514
454; 28741.682175690792; 29991.49764923058; 41166.72938888691
455; 28528.40755221293; 30193.491285009037; 40659.697786897115
456; 28592.679480976247; 30050.151690027476; 40770.22120402609
457; 28489.336862646054; 29831.51157854068; 40214.384404627424
458; 28378.48841979801; 30022.149664795194; 40172.23442538308
459; 28247.931169358173; 30223.03092271986; 41218.956981824485
460; 28126.54418627104; 30530.84771553859; 41279.31776107679
461; 28055.318719069677; 30202.63592688159; 40957.90087631645
462; 27937.32667232752; 29425.237278072902; 39079.2128413733
463; 27897.425774281794; 29339.009213839036; 40276.43760560871
464; 27497.02364689841; 29053.060048533716; 39807.95496736559
465; 27376.921632993504; 28880.802499696016; 39901.768943015064
466; 27200.85286524936; 28556.130965238455; 39861.14759181969
467; 27181.59142612877; 28513.538976390115; 39625.08391087461
468; 27120.21509318874; 28830.657213885286; 40047.03387724997
469; 26963.561444439296; 28267.114301898142; 39014.200854588424
470; 26836.983491677594; 27923.636686083504; 37389.409858630795
471; 26777.64473375088; 27970.958498687505; 39294.69426007
472; 26721.407055345993; 28027.970708851437; 38754.094376832116
473; 26692.699184634675; 27879.203864930365; 38828.01093579681
474; 26634.777370241976; 27578.236786305384; 37054.4738360081
475; 26592.801719113624; 27666.385974202247; 37595.36459486713
476; 26560.672814697944; 27634.047713113214; 37544.595196723014
477; 26429.53331951453; 27648.635660794895; 38479.881523751224
478; 26395.01698295324; 27682.485640746163; 38742.51994022296
479; 26364.747877127993; 27397.814470894704; 37177.28776675568
480; 26329.402241524327; 27406.795927374944; 35925.61749620836
481; 26238.425516199768; 27300.812197486466; 38906.33076782933
482; 26151.791115857846; 27339.214950005815; 36576.80970647333
483; 25729.362214372693; 27389.383442922586; 38556.586169972754
484; 25616.781054572464; 27339.97067133873; 37454.43523933755
485; 25575.097733768525; 27284.32679394153; 38217.16447474281
486; 25553.937363741374; 26687.41122731843; 37180.712561266686
487; 25341.75952708594; 26485.87559559075; 33924.22217449359
488; 25333.96763352537; 26361.004250959635; 36020.415932653326
489; 25112.97594737329; 26482.175846972536; 37299.19251392125
490; 25078.354529158794; 26221.89028476963; 34747.475481569236
491; 25012.80769868748; 26021.47489011697; 33618.58828733325
492; 24985.458179164383; 25980.798420106472; 36577.44557581543
493; 24834.045410877563; 26301.08828989004; 37254.98559244465
494; 24775.74381342876; 26398.058647172562; 37243.73230740201
495; 24726.004544800657; 26251.17810877225; 36992.56845743376
496; 24641.794824822242; 26106.992057515094; 37086.80426526672
497; 24633.88201853162; 25963.13713548897; 37129.77161114918
498; 24612.666248115886; 25609.548275026395; 36330.171646858405
499; 24570.41965776578; 25507.45386351795; 36279.87508373908
500; 24524.55425392293; 25469.22239548362; 33727.380019963275
501; 24437.608775003227; 25615.19590985647; 36244.10155087698
502; 24398.867749642588; 25593.326464568258; 34586.47702187518
503; 24353.196106672185; 25505.78805755937; 36059.55674864857
504; 24303.76589831936; 25571.252754725734; 35923.20003652787
505; 24303.76589831936; 25620.500497007473; 35938.26250464382
506; 24218.353669752476; 25228.474088702; 36006.0297677001
507; 24194.73321863193; 25165.029167487442; 32419.18751357012
508; 24124.525824297503; 25148.390611272756; 35177.75341351286
509; 24095.69281460247; 24975.077050840227; 33963.02855171096
510; 24046.898137755783; 24975.394459447438; 33507.47001937749
511; 24003.432012093712; 24965.716445164944; 34419.47253048456
512; 23966.906552146356; 24981.18499636151; 34937.91417911174
513; 23889.54148578164; 24993.04712379759; 34915.89721104829
514; 23835.293209754844; 25134.80656172712; 35653.16194801531
515; 23759.435259861475; 25271.187230202337; 35087.10274951426
516; 23629.34858768685; 25131.169005319392; 35102.45946911816
517; 23591.102729786264; 25114.130071830594; 35471.065006980076
518; 23534.979728907314; 24904.112152937476; 35798.864637550585
519; 23490.352418158232; 24633.20861187603; 35551.121181926734
520; 23431.4166483787; 24412.926459829207; 33734.64942325479
521; 23299.851178513392; 24296.429666390515; 35847.68087689049
522; 23246.049971149714; 24298.215558130025; 35349.82136997169
523; 23101.098529828243; 24309.87505134437; 34944.80117393226
524; 23035.29732246456; 24132.871984223573; 34691.707643320755
525; 23015.380805516328; 24034.134371434182; 34808.202424347954
526; 22987.676871344014; 23863.885672677094; 31620.19723808999
527; 22963.246437121; 23941.74879037325; 33953.25526768906
528; 22910.846310539164; 23882.60757633723; 34763.55650303722
529; 22880.887933713835; 23757.46883197342; 32155.30388156262
530; 22808.15198882641; 23909.165968566376; 33883.87766029367
531; 22771.261495911433; 23965.766614113316; 34779.85224402806
532; 22712.381115470616; 23810.10396056798; 34214.31283817887
533; 22652.206483837395; 23703.643061825915; 34827.69281012023
534; 22584.678187439007; 23614.040909331346; 33896.317415894264
535; 22538.73866968592; 23469.806169824813; 33826.077345381724
536; 22462.542647275037; 23603.101434915065; 34238.95829046455
537; 22420.425986730268; 23379.094861868525; 33433.0441172831
538; 22324.26215819146; 23360.30850748037; 34019.07044822033
539; 22313.028037721026; 23262.864681467872; 33392.67130621004
540; 22268.22637106796; 23381.379032952143; 34147.04598089753
541; 22212.418754294467; 23387.62520314607; 33585.54678450478
542; 22163.246018474096; 23199.622877055815; 34813.68625006861
543; 22132.031159205875; 23145.74670805128; 34032.12736034612
544; 22072.800261594566; 23059.375049695907; 32991.585938525735
545; 22019.660055180302; 23075.102946976476; 33271.22939747544
546; 21711.126672065533; 23252.325465224578; 34349.10868075464
547; 21591.760601098325; 23202.42145346293; 34175.351996269994
548; 21490.636743537914; 23004.218151443925; 32639.83720398131
549; 21462.147101424278; 22660.696651417868; 33246.00335261394
550; 21449.978616549346; 22459.422564347155; 33352.57774889789
551; 21438.541009889363; 22324.68358007509; 33350.79846487397
552; 21420.066600369668; 22417.362656095545; 31392.062528391478
553; 21385.292968389243; 22585.611721409034; 33199.668759031825
554; 21346.284520118945; 22512.776440145357; 33401.159713714485
555; 21325.965726200662; 22345.835542897847; 30763.436081634325
556; 21308.687586374286; 22461.62632478628; 32335.759701923864
557; 21291.368963990957; 22314.894404320497; 31253.695259354427
558; 21274.09082416458; 22116.34005490639; 32971.60503228574
559; 21191.155632810405; 22114.975581700048; 29940.49130907295
560; 21123.621334861677; 22359.39316420775; 32056.38365077489
561; 21112.913279841912; 22109.39958228922; 31438.575342964352
562; 21081.329952414337; 22107.10027389393; 32640.315469054894
563; 21045.400833868716; 22177.74718806144; 31969.563823408196
564; 21042.76616740447; 21850.77379622283; 30112.942141138898
565; 21015.89330386943; 21733.7946324383; 28791.71777447332
566; 21010.922741120954; 21841.397918264614; 30066.64214494817
567; 20990.430858961467; 21849.218186026796; 31020.59202181817
568; 20944.254894609145; 21831.47260275312; 30322.005497864757
569; 20910.087282094162; 21783.410958250268; 31084.582320172958
570; 20906.70604931678; 21689.97623063486; 32340.556526001845
571; 20886.60760632042; 21593.355224480478; 28819.06826248663
572; 20869.694495736658; 21619.442408317744; 29264.5298791774
573; 20845.733502195228; 21658.89754788616; 30074.250912626827
574; 20808.41230187846; 21729.676358676432; 30189.31146950592
575; 20795.87533462765; 21659.71071689929; 31847.529898319233
576; 20770.73613333394; 21614.69661154016; 32404.52267951253
577; 20745.267689788503; 21605.578938204573; 31188.90646029003
578; 20687.940629753655; 21852.666530753297; 30682.485643999287
579; 20631.784903148688; 22144.698695445484; 32432.415441889185
580; 20627.379113489464; 21946.51495422273; 32816.710390982116
581; 20599.617532545893; 21837.997603018797; 30911.18690043563
582; 20566.244888921556; 21521.413419215685; 31789.841666586606
583; 20377.242540987965; 21582.17088018616; 31744.679591080785
584; 20336.079997213725; 21470.806664412354; 32092.521976536478
585; 20334.132665291705; 21549.963885882888; 31313.94668002471
586; 20309.583453848954; 21439.95465227838; 31921.889833402452
587; 20291.29625594824; 21350.70064960067; 29373.95845158608
588; 20253.7812678921; 21851.751814779618; 30188.890293294335
589; 20217.21777283121; 21928.20530624064; 31527.096827174788
590; 20253.7812678921; 21773.2866857465; 32052.257597955355
591; 20197.802782981595; 21814.214744486046; 29303.371924174593
592; 20164.384458316264; 21676.85413784308; 28725.894640046794
593; 20131.47336330084; 21505.629482125754; 32311.612017379943
594; 20127.270960288395; 21201.38822498934; 32586.96013895064
595; 20103.349730808444; 21238.182215319386; 31652.07528776301
596; 20066.236232780575; 21435.292579306424; 28791.61139675856
597; 19982.03990149982; 21203.488745712304; 31161.11397038998
598; 19958.725723397856; 20981.585709741423; 32183.29510683877
599; 19943.34741738056; 21066.105407146984; 32503.458819719246
600; 19900.237338811086; 20987.444275283106; 31583.031429899034
601; 19852.1715224026; 20908.254160582343; 31849.767807485547
602; 19826.84003372852; 20967.896026682873; 32121.145025181773
603; 19744.40742355564; 20974.57800287688; 32076.179661304785
604; 19678.58224452361; 20929.51766106399; 29421.612724771534
605; 19683.603863162174; 20884.25130981815; 30725.34152628146
606; 19643.406351172183; 20939.285579461208; 29785.164692420156
607; 19624.445718633746; 20604.506138129298; 29074.85003136367
608; 19408.43346887104; 20528.540674686566; 29569.896617083115
609; 19552.215301093456; 20394.098852374766; 28802.89965872706
610; 19552.215301093456; 20480.359970592366; 29901.747157531532
611; 19520.588881874293; 20602.795953481218; 31745.026029902205
612; 19505.812805552607; 20939.29367546635; 32587.272217432044
613; 19472.351729885377; 20874.37017251698; 31930.334488886605
614; 19467.381167136897; 20474.476996881916; 29448.967946179146
615; 19448.95265766314; 20518.854131608517; 29474.236732615624
616; 19440.95017622421; 20472.710399163156; 32129.596887122123
617; 19431.20807894451; 20481.884817362923; 29839.096946085607
618; 19396.71623846528; 20380.1844419594; 29256.34297102542
619; 19370.20576903364; 20503.122577094487; 29455.733803246916
620; 19323.794080083735; 20574.350591370337; 31033.8056534741
621; 19323.794080083735; 20344.372579106675; 31370.770348750535
622; 19313.82386569918; 20079.276791315555; 29753.60530371215
623; 19218.347831422027; 20115.456870096652; 29962.072598262974
624; 19194.757708927147; 20303.14474671213; 31085.029570495826
625; 19169.622566604183; 20434.277298286732; 31534.051161730502
626; 19146.032444109303; 20000.700094089807; 30869.067171898456
627; 19126.288913252953; 19882.568132331107; 29233.495879148482
628; 18982.961191434908; 19935.49336317769; 31805.35714000445
629; 18956.84614930252; 20170.991279669215; 30980.63796379383
630; 18944.84614930252; 20058.24949683651; 30627.741265559707
631; 18934.22874972474; 19680.822504667118; 26449.561911749133
632; 18931.526196878713; 19658.28329307914; 26734.601900131172
633; 18910.76558814959; 19594.30083515647; 25846.36020110888
634; 18894.015947377535; 19625.44984598002; 29336.191640791207
635; 18877.045384629055; 19560.984371106606; 23738.535705543993
636; 18860.41536430146; 19587.061090397416; 24843.018026064467
637; 18838.123466140492; 19668.776474350296; 29900.63639651987
638; 18787.15695294747; 19693.50166263524; 28539.808052314616
639; 18775.536501826922; 19675.74696032549; 30197.690252258024
640; 18702.516303311517; 19594.304807354198; 29027.146103173705
641; 18674.510096886446; 19702.71112231381; 29187.40532789569
642; 18674.510096886446; 19886.613215089154; 31131.311826974543
643; 18642.44006697381; 19868.931628927305; 30489.613783586814
644; 18554.655444256055; 19631.07407662496; 31059.614849462534
645; 18557.669799780822; 19872.694608519632; 30795.533120005395
646; 18556.109123720442; 20078.38032535827; 30891.204402756186
647; 18549.072579486736; 19583.52928198616; 31399.51460508376
648; 18542.3856060156; 19605.210419886662; 29950.677135898062
649; 18526.68613502566; 19841.520566047016; 30768.306897983668
650; 18518.049332487215; 19500.066801848894; 31169.61714745088
651; 18512.77051189111; 19562.113743060305; 30787.500307621973
652; 18489.941156207537; 19280.73964228463; 26715.147302866666
653; 18467.667264310967; 19271.985839181576; 29759.077502859956
654; 18450.38844371486; 19380.318102471432; 30717.02520237107
655; 18435.068179528287; 19292.52389958253; 30589.331641496057
656; 18408.235363798292; 19572.84137999251; 30081.572583101643
657; 18295.175218290948; 19281.02469391339; 30094.840518606776
658; 18306.741472181715; 19251.205426710436; 28475.1737445587
659; 18306.741472181715; 19176.459852770753; 28119.381550974205
660; 18124.211547223338; 19378.912572199024; 29715.857893535052
661; 18123.96496449754; 19630.93264906805; 30820.227073308626
662; 18114.854129711992; 19192.31461414111; 32245.29942619354
663; 18094.35734501203; 18911.172249503714; 29363.903132210038
664; 18044.689939944226; 19330.28435231706; 30160.829439479392
665; 18034.334985411235; 19366.805825098283; 30965.583691014668
666; 17988.97320340406; 19134.425061102804; 30155.93089496117
667; 17960.657848308863; 19105.509718546768; 30501.032523193317
668; 17920.848183059064; 18974.926191620463; 29742.45616897516
669; 17857.82495223261; 18916.853400326312; 29923.843367176716
670; 17857.82495223261; 18893.623319511396; 27551.15636936255
671; 17852.307130394318; 18713.990593302842; 28190.37717246741
672; 17847.06018644138; 18519.07989028756; 22497.52218370128
673; 17836.31469839788; 18543.540356533227; 25384.473650401214
674; 17841.54236460308; 18569.35751392624; 25282.773561031834
675; 17768.521699069206; 18566.164840324203; 26555.471162566384
676; 17705.586425537298; 18774.700686454886; 26999.094457131076
677; 17627.460934479957; 18885.889312907846; 28741.50856677159
678; 17392.105879083123; 18939.642833496353; 28998.55320386535
679; 17392.105879083123; 18740.006535702585; 31767.531717005455
680; 17392.105879083123; 18503.01916962476; 29797.01060203539
681; 17550.240631579465; 18458.13936150731; 29546.91967314774
682; 17547.41848257356; 18742.00658682526; 30704.79183090717
683; 17521.946849168504; 19104.734818661233; 30494.890771627342
684; 17493.175202458573; 18849.084963845136; 30282.725974826863
685; 17436.19843328503; 18548.036979841985; 30128.732342505653
686; 17432.73948594978; 18394.750255161463; 29650.89422118305
687; 17401.279695161684; 18234.077288391953; 27627.761904416322
688; 17389.333785577994; 18107.449264122784; 25202.130108825542
689; 17366.967127813074; 18195.96047033952; 27767.38369425069
690; 17354.967127813074; 18116.84691008786; 25449.320107074793
691; 17350.5132688577; 18069.37706367054; 23131.14006244943
692; 17331.775500926353; 18118.254987338827; 28291.395788323043
693; 17311.12370005448; 18150.55759625585; 29598.36259326837
694; 17311.12370005448; 18160.03310245535; 28980.332707567697
695; 17299.303826793624; 18177.799559043193; 25724.760037742286
696; 17299.303826793624; 18502.673203367984; 26943.976455372787
697; 17299.303826793624; 18165.100836590867; 25949.330000853053
698; 17299.303826793624; 18034.846535694673; 23453.733240397854
699; 17289.03985373497; 18017.458441371877; 28697.794462078095
700; 17289.03985373497; 18018.92513188468; 25729.59872842809
701; 17245.920825009434; 18037.204057363637; 29713.940413075343
702; 17235.432440422657; 18033.77683205272; 29341.20612391108
703; 17211.621205651496; 18071.57710769125; 29735.983499805858
704; 17204.591768399972; 18063.996655429462; 29193.356087543598
705; 17189.132821064723; 18054.682377010937; 29530.660668731638
706; 17185.026409790986; 18038.26638123249; 27641.749439460636
707; 17173.673873729473; 17958.320842655474; 28005.017877218626
708; 17167.567462455736; 18016.219772427612; 26948.31188708804
709; 17128.88636848648; 18080.473402859192; 26782.390904914155
710; 17117.893312596058; 17903.074090555932; 27235.96210845606
711; 17054.348389236286; 17886.262124334404; 25468.90922318252
712; 17042.685909367217; 17933.773800511994; 26196.55206932544
713; 17033.805914233206; 17775.45205661526; 25574.252425094503
714; 17022.143434364138; 17810.650385918383; 25205.5430227523
715; 17017.17287161566; 17884.15937327234; 25483.55664069214
716; 17017.17287161566; 17785.41526094991; 26358.577425805175
717; 17010.631818950907; 17705.08659195642; 22200.72409287394
718; 17010.631818950907; 17707.0214345107; 27768.581782529767
719; 16983.457154294505; 17897.960164274522; 29787.744662312292
720; 16978.178333698404; 17985.730744337823; 29286.229040166672
721; 16973.14889644688; 18322.423301842657; 29116.95852653548
722; 16962.103969252017; 18022.303380119927; 29814.22870651434
723; 16913.962336984794; 18167.069640618894; 29560.269648962625
724; 16897.887972538407; 18156.80103460619; 28262.928121633053
725; 16873.057574132716; 18186.9928645584; 28457.523399899674
726; 16869.615337251515; 18096.85728112246; 27615.184676744535
727; 16867.77875353662; 17969.386913053266; 25375.454324465776
728; 16861.074284586764; 18054.324569930184; 26012.48688394028
729; 16859.562669173534; 17991.45646667603; 28057.086289058654
730; 16852.08048239247; 17900.660064913685; 26197.217122899103
731; 16850.56886697924; 17685.26137326785; 27184.605349949485
732; 16847.858097758166; 17557.60362583387; 24343.859305508253
733; 16838.86429556387; 17613.518518325094; 23023.04612377363
734; 16817.217583071873; 17551.255152744117; 21449.49081656172
735; 16817.217583071873; 17670.39489490601; 27857.296277380625
736; 16806.7291984851; 17640.62971978656; 29562.22563100797
737; 16806.590299949006; 17574.052683001122; 28040.23290844749
738; 16805.002448198076; 17643.015735873723; 29070.33922763506
739; 16801.072478110713; 17558.065556884278; 25249.60610299762
740; 16795.93420515187; 17520.060941265525; 27835.199603047888
741; 16794.267480885504; 17709.092693835784; 29051.628774492765
742; 16784.096970056362; 17842.505024562448; 29559.847250258572
743; 16774.0304438764; 17626.951216788562; 28974.130844115665
744; 16762.296392196666; 17595.311109062193; 27510.022405144562
745; 16738.72580853532; 17609.570604369732; 25994.92773549473
746; 16737.214193122094; 17513.778492023695; 26458.475159354424
747; 16737.214193122094; 17471.634047052616; 25386.759443548817
748; 16731.696371283797; 17389.354685433336; 21236.832751672515
749; 16731.696371283797; 17418.51811228319; 22892.347272556366
750; 16728.64678130477; 17460.05571326231; 23711.119205229912
751; 16715.12626915363; 17447.914831979517; 26569.56095862675
752; 16701.58829458783; 17433.2910484627; 28098.286959836205
753; 16696.617731839353; 17483.05239863987; 22825.084601528873
754; 16696.617731839353; 17641.895910808023; 25787.79272722249
755; 16687.425284710687; 17876.69136734791; 26189.89891873713
756; 16686.133339730448; 17584.98279442387; 28136.51881102206
757; 16672.45409530993; 17563.939158716923; 29392.652279817015
758; 16661.96571072316; 17935.152055847568; 29155.263214293554
759; 16661.96571072316; 17838.01129025672; 29639.06201983328
760; 16656.17224450732; 17824.746702781627; 25922.790662465864
761; 16645.333372692843; 17456.23541491591; 25214.47625525569
762; 16644.041427712607; 17416.801978537143; 25081.39367326819
763; 16641.20861198261; 17398.491936680577; 24861.04143108321
764; 16483.591086723347; 17472.095173142407; 28806.7533142469
765; 16620.892702458066; 17316.24544153133; 26176.985247077748
766; 16641.20861198261; 17348.999579893392; 22252.30113672136
767; 16631.34011997269; 17423.34007422447; 26206.065638961783
768; 16623.67877276733; 17447.547846328373; 25733.822187349535
769; 16622.17293570269; 17483.777507230017; 31709.06834485435
770; 16622.17293570269; 17382.422948621057; 26486.666306712174
771; 16612.95647770644; 17624.632180211498; 25364.917461780395
772; 16612.95647770644; 17993.37882294927; 27215.97623892994
773; 16612.95647770644; 17801.81611398427; 26755.825467556093
774; 16612.95647770644; 17562.020962148352; 25151.440200238725
775; 16612.95647770644; 17376.86025451861; 21198.416315908802
776; 16606.879182592427; 17356.803663900588; 21183.446958373403
777; 15801.477456314895; 17302.595046741437; 23947.837587135764
778; 16575.73929077951; 17371.44977950825; 23937.754780795203
779; 16597.223606254574; 17340.139009020542; 24988.666563051633
780; 16593.06564703392; 17262.16070474594; 24553.800393277434
781; 16585.366173473947; 17298.782854225417; 25454.573317011313
782; 16570.60651778368; 17405.929781308678; 26399.25721469087
783; 16563.63520265032; 17580.780977903323; 27994.54727249268
784; 16537.483176694208; 17402.717746453396; 25409.893136458188
785; 16530.511861560848; 17932.553994847; 29462.023703190916
786; 16530.511861560848; 17978.145955334174; 28681.470431981306
787; 16527.836464202206; 17462.416791128588; 29059.518181819276
788; 16523.482424309324; 17280.340345981596; 24272.32410792393
789; 16520.807026950682; 17402.617291626102; 26463.68629924365
790; 16505.348079615436; 17285.40291129489; 24981.55259108511
791; 16495.82209899916; 17346.261616209038; 25156.47187405668
792; 16489.87495637049; 17248.512975631504; 25401.061517469778
793; 16479.87495637049; 17209.332986962694; 24153.85588953961
794; 16388.176357598084; 17252.44038348227; 25633.45400028197
795; 16376.176357598082; 17298.050364959927; 25287.802284615187
796; 16329.841295128559; 17342.77855159964; 26209.903478303466
797; 16329.841295128559; 17219.613095485107; 28769.786816024454
798; 16361.35801825258; 17129.02056561603; 23415.951554292456
799; 16361.35801825258; 17086.264339809535; 20951.76482208134
800; 16343.667969725439; 17067.16395474491; 21406.017445198013
801; 16343.667969725439; 17061.297404691595; 24315.470882313224
802; 16329.38447994687; 17083.165960371465; 25548.018092808044
803; 16329.38447994687; 17269.951832681338; 27516.92110681924
804; 16321.805716743916; 17535.713978054984; 29467.658270361044
805; 16314.776279492393; 17336.484590409258; 27746.10403731811
806; 16314.776279492393; 17247.927306214235; 24920.647710787336
807; 16312.747960286068; 17033.98901861904; 24270.65218142386
808; 16309.2584576541; 17066.066251789158; 23965.141112466154
809; 16244.567377409536; 17116.453523585875; 24097.428577484217
810; 16240.637407322172; 17073.51025296294; 24552.799801759353
811; 16222.705124428014; 17029.599931916557; 24622.099265698092
812; 16204.610076629366; 17123.10156918477; 25768.053588364386
813; 16203.942338610655; 17292.871440992538; 25125.250158202936
814; 16187.331256033265; 17263.017405309085; 24678.928394173796
815; 16187.331256033265; 17197.63063228101; 24471.835398755415
816; 16175.347966487312; 16996.904078867905; 24634.532815934097
817; 16173.836351074084; 16892.024524161687; 23525.662549172113
818; 16173.024218696348; 16896.083458854897; 24077.049792165115
819; 16171.51260328312; 16863.80667670536; 27106.085661832614
820; 16159.51260328312; 16874.63150714344; 24471.32275928577
821; 16157.354172912377; 16867.764614819782; 25861.015991955323
822; 16157.354172912377; 16938.1993869532; 25753.87856002251
823; 16150.324735660854; 16851.611523855747; 25884.257304266623
824; 16144.80691382256; 16909.784846239745; 25226.18093778418
825; 16139.836351074084; 17275.334079360222; 27155.106774193642
826; 15975.82438467776; 17400.93508094688; 27244.734187289323
827; 15966.850338755816; 16998.23204296944; 24988.71853059362
828; 15975.82438467776; 16733.73922322568; 25122.264878563125
829; 15970.932694444718; 16662.264986765174; 24128.32174723914
830; 15970.932694444718; 16750.20118865312; 22496.609131913818
831; 15970.932694444718; 16606.04306160361; 22619.04649922775
832; 15970.932694444718; 16643.281039427256; 20512.75478631997
833; 15970.932694444718; 16669.374902073927; 27613.218735215985
834; 15963.903257193195; 16713.787783775144; 25953.637866176698
835; 15955.935584859591; 16625.233057399262; 23602.075504323486
836; 15955.935584859591; 16739.22627612337; 24834.43494370268
837; 15926.366859680842; 16881.37269749297; 27338.51708317722
838; 15926.366859680842; 16862.990377590173; 26279.897736992014
839; 15916.20344339574; 16705.9682229479; 24974.52399368855
840; 15915.733119997905; 16819.883139620757; 26182.786685563322
841; 15902.411919681137; 16811.91175897593; 25197.242271407384
842; 15890.411919681137; 16737.569417125287; 26202.335918132052
843; 15890.411919681137; 16672.99534673252; 25919.043086320096
844; 15882.308445123668; 16638.268348587604; 24330.32538942043
845; 15862.36494039747; 16604.415011563655; 25565.98885965446
846; 15878.582266069232; 16672.95323051692; 26294.673236411963
847; 15878.582266069232; 16671.155458024587; 24412.789840778856
848; 15871.55282881771; 16575.743800376455; 24771.452084159464
849; 15871.55282881771; 16817.84189477122; 25192.499171035473
850; 15871.55282881771; 16940.149523902626; 25103.982529156296
851; 15859.55282881771; 16565.481926966357; 26294.69661405236
852; 15859.55282881771; 16632.31237568884; 26261.230933762785
853; 15851.44935426024; 16530.160126642906; 21616.727177100987
854; 15850.495072359856; 16543.228315300556; 25078.37179643372
855; 15850.495072359856; 16561.979289119237; 27169.253199974046
856; 15846.095303820792; 16612.04862177044; 23058.95167600514
857; 15846.095303820792; 16534.194159228824; 20451.307685547017
858; 15846.095303820792; 16527.477960610617; 21057.771639156974
859; 15831.209916531618; 16560.389399137053; 23325.996480782625
860; 15831.209916531618; 16577.258080520045; 23543.738138391505
861; 15831.209916531618; 16587.835037340697; 27313.26779725719
862; 15831.209916531618; 16599.984632623495; 25524.192487206008
863; 15831.209916531618; 16629.358645608154; 25307.473931776625
864; 15831.209916531618; 16637.27891676385; 25199.239972901876
865; 15831.209916531618; 16853.9131308639; 26696.10721265728
866; 15831.209916531618; 17080.826819493923; 26616.816118538456
867; 15831.209916531618; 16731.023603513262; 24680.057315783793
868; 15831.209916531618; 16649.78200590981; 28939.069672115183
869; 15831.209916531618; 16560.949846084506; 25571.633078167462
870; 15827.26825834652; 16539.60577393186; 20374.525105173994
871; 15827.26825834652; 16539.645186825637; 24054.685259660142
872; 15827.26825834652; 16588.968752464236; 23381.119412258475
873; 15827.26825834652; 16573.751242390277; 25101.48809458079
874; 15820.238821094996; 16494.27762028623; 22584.013648177483
875; 15820.238821094996; 16542.032653863003; 24193.73986723609
876; 15820.238821094996; 16526.150562616258; 20410.635275855268
877; 15820.238821094996; 16514.713187710367; 23392.559642035896
878; 15744.898385817498; 16573.203998014123; 23906.082780796933
879; 15818.727205681767; 16554.286276489456; 23516.47988708443
880; 15715.189154431926; 16533.27451678326; 24590.068248681182
881; 15715.189154431926; 16676.811367308233; 27838.846514223624
882; 15714.918276546567; 16459.91796584514; 26169.030526344686
883; 15714.918276546567; 16389.636448518515; 26749.114341606884
884; 15433.097835322114; 16436.411019176092; 20294.128367074547
885; 15714.918276546567; 16460.55658294032; 25476.91501039878
886; 15714.918276546567; 16401.952150597586; 25166.388025264896
887; 15714.918276546567; 16392.231720842738; 20325.68860399497
888; 15714.918276546567; 16433.826242095485; 20345.769249004858
889; 15636.1662112959; 16396.713009927753; 26682.682428578042
890; 15707.888839295043; 16436.077883017308; 24236.406112067103
891; 15707.888839295043; 16507.90046158298; 27865.32698332006
892; 15706.377223881815; 16398.595467484396; 27981.235873512185
893; 15706.377223881815; 16416.729770093378; 20234.700875033428
894; 15706.377223881815; 16385.008373894427; 21707.35393853309
895; 15706.377223881815; 16427.321116468138; 20285.58581246818
896; 15706.377223881815; 16436.455290952435; 20328.516535624072
897; 15701.347786630291; 16364.186630074802; 23052.94601486116
898; 15701.347786630291; 16373.02785601121; 21159.42234845322
899; 15699.906972087418; 16455.483556544503; 25924.978921976643
900; 15689.364497084336; 16477.596677825804; 27802.785703913294
901; 15689.364497084336; 16448.903762506023; 28317.943739342645
902; 15689.364497084336; 16469.51095143201; 27104.911966745167
903; 15689.364497084336; 16439.430189525323; 24768.8223580932
904; 15687.868076506658; 16445.602688357307; 22257.413809741225
905; 15687.868076506658; 16546.792764712427; 28314.149986669046
906; 15682.897513758182; 16478.07965574516; 27901.33563216255
907; 15682.897513758182; 16369.390187891498; 24618.503167572773
908; 15682.897513758182; 16373.102527096316; 23778.22964351962
909; 15682.897513758182; 16295.533000992324; 20195.890511882608
910; 15682.897513758182; 16352.17038683644; 24341.903621830385
911; 15682.897513758182; 16330.966958527863; 27566.02910554602
912; 15682.897513758182; 16412.768201671046; 20295.69081301389
913; 15682.897513758182; 16411.081012858074; 20266.388063210212
914; 15682.897513758182; 16380.341775998193; 21674.170381614003
915; 15682.897513758182; 16416.606589109204; 21983.709941387486
916; 15672.68000705677; 16335.143896729085; 22090.280323211096
917; 15658.483385535243; 16476.20186831971; 22984.7709079146
918; 15658.483385535243; 16406.6681571593; 21703.8545159847
919; 15583.142950257747; 16368.670823092176; 21189.34491976747
920; 15583.142950257747; 16412.166991863014; 22511.741798612846
921; 15583.142950257747; 16402.22201848898; 23928.585755962456
922; 15583.142950257747; 16448.52618718075; 26886.2481155655
923; 15655.020554129307; 16376.710054479765; 26766.431395838146
924; 15655.020554129307; 16599.573674633146; 23846.00687681471
925; 15655.020554129307; 16505.98856338816; 27497.93318585946
926; 15646.714532114129; 16378.449472385175; 24606.236310634402
927; 15632.964105369692; 16407.402606503696; 24756.700532150753
928; 15632.964105369692; 16591.48597826493; 24931.75595123523
929; 15640.355448609671; 16785.531736631812; 24614.23133196625
930; 15632.049426594493; 16663.640117969924; 26926.101701115098
931; 15618.294894188482; 16529.71934516504; 27112.621929491932
932; 15618.294894188482; 16452.441448398276; 28083.889429363906
933; 15618.294894188482; 16704.630917164086; 28747.284675041377
934; 15618.294894188482; 16802.52036284502; 28153.86106812793
935; 15618.294894188482; 16355.51451666086; 23973.02310934429
936; 15617.969925886813; 16405.74668374736; 20992.719938427676
937; 15617.969925886813; 16348.985686214193; 26390.262637922526
938; 15617.969925886813; 16309.8511252011; 20242.470756364393
939; 15598.293673677776; 16353.583262805703; 28258.96272682912
940; 15598.293673677776; 16331.812904985962; 20676.27453932324
941; 15598.293673677776; 16352.772315748403; 23955.40590282817
942; 15596.785942335238; 16241.565026979635; 20215.24408376446
943; 15593.264236426252; 16316.467030912529; 23114.74418176117
944; 15593.264236426252; 16264.379921727399; 28234.898884721217
945; 15593.264236426252; 16295.847334671053; 20151.668730892066
946; 15593.264236426252; 16300.779240452333; 20133.372441700565
947; 15551.956795258568; 16321.535498674253; 22003.924803137248
948; 15591.752621013025; 16357.286894360408; 23317.81084131851
949; 15591.752621013025; 16360.841606668575; 23483.56259617211
950; 15591.752621013025; 16470.703737929907; 24583.594117627898
951; 15591.752621013025; 16324.491792269358; 20175.69852249679
952; 15591.752621013025; 16338.89052893169; 21538.602959649947
953; 15591.752621013025; 16295.869989839024; 20191.666772597113
954; 15591.752621013025; 16270.010727141986; 23320.66121523695
955; 15591.752621013025; 16231.196094144183; 20191.155093451438
956; 15591.752621013025; 16302.37312292477; 20221.827540505248
957; 15588.293673677777; 16287.882581567601; 22725.252389072695
958; 15582.775851839482; 16339.07525062177; 20771.092761463642
959; 15579.316904504234; 16387.601137176884; 25491.072514746276
960; 15579.316904504234; 16516.533118767573; 25705.49834632991
961; 15566.262032645667; 16380.873949473336; 23797.94690012479
962; 15566.262032645667; 16284.797895093328; 24250.92031560136
963; 15566.262032645667; 16260.987551919197; 24161.786018240822
964; 15566.262032645667; 16359.272094767466; 23706.49269988001
965; 15562.614986533505; 16329.993556922109; 22586.42515101075
966; 15556.320907148714; 16360.834423316977; 24604.82171255437
967; 15552.126601946733; 16555.12309706138; 24501.801751909232
968; 15426.063383495395; 16476.443213539027; 27748.977483358613
969; 15419.769304110603; 16303.22325110725; 23922.947564355287
970; 15398.711547652749; 16195.2169932625; 26983.888207465476
971; 15398.711547652749; 16136.645978799723; 24008.73257515232
972; 15398.711547652749; 16116.102338269156; 21761.77523930434
973; 15398.711547652749; 16097.926758944466; 22125.659256046718
974; 15396.385207912455; 16122.716599071377; 22713.414255464555
975; 15378.39563812821; 16096.594667017755; 19998.177632809977
976; 15391.414645163979; 16125.310586617756; 24257.155825517275
977; 15379.417029480122; 16027.262225863775; 22496.99244861765
978; 15374.446466731646; 16148.332319548903; 26127.09483154525
979; 15374.446466731646; 16148.017149573818; 27371.920764274033
980; 15374.446466731646; 16195.09471902539; 27691.297109151365
981; 15374.446466731646; 16037.570633141098; 22300.147843035767
982; 15374.446466731646; 16046.529584603126; 20117.585276246304
983; 15374.446466731646; 16093.94593689167; 19904.372871342952
984; 15374.446466731646; 16034.340595066556; 19985.748085190542
985; 15374.446466731646; 16018.898681918015; 19934.60463152334
986; 15374.446466731646; 16115.939932974554; 26857.53983788789
987; 15369.167646135546; 16087.687105014957; 27658.101160463386
988; 15369.167646135546; 16111.604247746554; 28329.843888877756
989; 15367.141864353196; 16149.718979524787; 26841.95806816299
990; 15367.141864353196; 16017.956805725731; 19948.377736663544
991; 15367.141864353196; 16102.727838342335; 26174.73133388767
992; 15367.141864353196; 16114.793274526364; 25877.79976979651
993; 15367.141864353196; 16069.82349534212; 20190.91803375573
994; 15367.141864353196; 16014.570518998436; 22059.280264545927
995; 15359.595723308568; 16049.649165463694; 22276.751402445858
996; 15359.595723308568; 16028.001227001489; 28489.374032076736
997; 15367.141864353196; 16073.642517562866; 23455.613391177787
998; 15364.062465897401; 16109.778426898636; 19990.551524215396
999; 15364.062465897401; 16104.803631288516; 24202.035187104815
1000; 15334.87318818267; 16135.114153830722; 22078.61643071599
1001; 15364.062465897401; 16108.419633048354; 24780.590753126762
1002; 14982.128824073034; 16037.193654228728; 25452.177603114218
1003; 14982.128824073034; 16097.053800286638; 24487.892531621877
1004; 14982.128824073034; 16215.493028587718; 26572.83598382802
1005; 14982.128824073034; 16173.874701382152; 26467.635733067687
1006; 14982.128824073034; 16189.868568341079; 25938.244808895153
1007; 14982.128824073034; 16294.752376560695; 24890.355073444403
1008; 14982.128824073034; 16296.194162923093; 24574.32935569429
1009; 14982.128824073034; 16720.344045076446; 27624.920689050872
1010; 14982.128824073034; 17160.936692851912; 26475.291505882808
1011; 14980.069949569986; 16448.8282898292; 27266.112144781047
1012; 14973.58777140828; 15852.850193635773; 25141.098472269176
1013; 14973.58777140828; 15843.562146995242; 26755.06508774713
1014; 14973.58777140828; 15715.94344207075; 24053.711438065697
1015; 14973.58777140828; 15686.492055090679; 19521.9811078658
1016; 14973.58777140828; 15707.30089883893; 22834.09372167954
1017; 14969.940725296117; 15698.828542074703; 19602.085330720485
1018; 14969.940725296117; 15754.65825492495; 25818.244797629468
1019; 14969.940725296117; 15841.48227300939; 25463.063555357126
1020; 14915.732467882652; 15764.136958157149; 26277.599270121485
1021; 14969.940725296117; 15730.008053047088; 19527.299653817143
1022; 14969.940725296117; 15693.707537944763; 22785.24342699958
1023; 14969.940725296117; 15702.86658650245; 19569.406810453365
1024; 14969.940725296117; 15695.662271403042; 23183.858951126083
1025; 14969.940725296117; 15725.617595534735; 22516.967000269167
1026; 14969.940725296117; 15670.075770353948; 26792.250721682256
1027; 14969.940725296117; 15685.458509692486; 20198.98271401687
1028; 14969.886634879807; 15682.030425527411; 19570.130077567053
1029; 14969.886634879807; 15719.252078455922; 24136.23287099929
1030; 14969.886634879807; 15665.961438493952; 19516.510708398364
1031; 14969.886634879807; 15709.632842196748; 20434.536937486708
1032; 14957.886634879806; 15701.855106269439; 25093.848336948526
1033; 14957.886634879806; 15645.186024792576; 21675.51005884977
1034; 14957.886634879806; 15728.35149982654; 22195.148930233758
1035; 14957.886634879806; 15664.866857755615; 22975.640554710764
1036; 14944.761495618053; 15700.967922373526; 20200.10890630971
1037; 14944.761495618053; 15599.553015083926; 19541.669402795196
1038; 14903.792022135478; 15709.11889893985; 22977.20154810478
1039; 14903.792022135478; 15675.616337929432; 23891.820284037545
1040; 14894.610990694133; 15799.037485306968; 26666.46657711634
1041; 14894.610990694133; 16078.282373782587; 26425.622733231237
1042; 14890.701061625441; 15929.283744172324; 25577.654932207828
1043; 14889.189446212213; 15687.145902326884; 23234.480074881492
1044; 14888.4177981656; 15685.759609345467; 22978.988866244086
1045; 14883.671624373917; 15646.0847277077; 23355.247021519157
1046; 14880.648393547463; 15626.23059727717; 23049.788248660385
1047; 14880.648393547463; 15585.374400583083; 20948.25294888228
1048; 14867.881464024653; 15647.443288200386; 21313.352190824997
1049; 14861.399285862948; 15611.410207610474; 23540.007935653644
1050; 14861.399285862948; 15661.256432913231; 23741.836106812843
1051; 14861.399285862948; 15697.510869571477; 23077.748921234066
1052; 14861.399285862948; 15533.751872326711; 19458.092657957346
1053; 14861.399285862948; 15554.850168741501; 21458.333178539753
1054; 14854.21262498941; 15486.362813992147; 21705.706879559053
1055; 14485.90913842191; 15731.626729847436; 23399.13856392262
1056; 14480.938575673434; 15587.200577259571; 23424.694103875474
1057; 14455.585708223902; 15338.533901024603; 23142.66366802181
1058; 14480.938575673434; 15240.628666173818; 22706.147963792373
1059; 14477.479628338184; 15118.388498735358; 19768.410368095552
1060; 14480.938575673434; 15207.724536409518; 27350.907511197584
1061; 14474.794622229887; 15232.695936845254; 19674.766513903483
1062; 14474.794622229887; 15238.139437428172; 22566.154059273027
1063; 14464.997891091956; 15137.206046478; 21478.475848370155
1064; 14464.997891091956; 15191.409534086888; 19049.62890673933
1065; 14464.997891091956; 15220.536563090442; 21243.477038683348
1066; 14464.997891091956; 15138.165085716451; 23018.359886052425
1067; 14464.997891091956; 15232.519268198606; 22992.74287758679
1068; 14439.645023642426; 15216.729449608418; 19600.84626096518
1069; 14439.645023642426; 15196.650169084849; 23215.68297793221
1070; 14439.645023642426; 15122.045543869575; 23328.911440128915
1071; 14439.645023642426; 15205.653485698067; 21072.082405020417
1072; 14457.968453840433; 15171.941289807648; 21052.76858779805
1073; 14457.968453840433; 15278.670490394277; 22090.705421297553
1074; 14455.830706821953; 15207.585324766058; 22099.87165857418
1075; 14455.830706821953; 15227.771770282907; 19576.129529549842
1076; 14455.830706821953; 15129.53772614284; 21360.224237220224
1077; 14450.93901658891; 15158.859967936338; 19010.478442837608
1078; 14450.93901658891; 15173.495496213627; 23070.24624351136
1079; 14450.93901658891; 15155.38927792503; 21444.586720357624
1080; 14450.93901658891; 15179.498979520828; 19796.07052780471
1081; 14450.93901658891; 15154.573557239062; 19863.8468626277
1082; 14447.480069253661; 15131.638420658552; 18997.26769890432
1083; 14444.726126039099; 15133.55166495158; 19036.37525766926
1084; 14444.726126039099; 15194.697329568386; 23164.505915787257
1085; 14441.26717870385; 15211.397606404978; 22799.132833709915
1086; 14439.208304200803; 15264.141117628642; 24093.60153729882
1087; 14439.208304200803; 15187.440992915228; 20025.94354276507
1088; 14439.208304200803; 15213.599085370039; 22687.32175511899
1089; 14439.208304200803; 15269.521627557282; 22289.910204598964
1090; 14428.56317417808; 15081.225129655704; 18978.008303350012
1091; 14428.56317417808; 15108.406197609167; 20790.59572679453
1092; 14428.56317417808; 15157.885494991082; 23101.985377229717
1093; 14428.56317417808; 15141.580221539742; 19248.387005283865
1094; 14424.471615744276; 15106.080896072044; 21599.91629890458
1095; 14424.471615744276; 15227.593497986225; 24426.236325811773
1096; 14419.586405004537; 15167.599269145441; 21831.735479120252
1097; 14419.586405004537; 15135.778206620891; 19017.196401151454
1098; 14419.586405004537; 15120.036793753996; 19056.43009046236
1099; 14413.127739826965; 15132.486160215887; 18999.575869383174
1100; 14413.127739826965; 15127.421124984925; 24104.152121460258
1101; 14413.127739826965; 15172.1638965082; 21115.640161955936
1102; 14413.127739826965; 15135.673697344484; 20406.275956563753
1103; 14413.127739826965; 15118.163838158729; 20193.96462119893
1104; 14409.33890294015; 15136.706093693807; 19456.670932295958
1105; 14406.480035088774; 15099.802747087242; 20479.80380440957
1106; 14406.480035088774; 15326.746941031628; 23292.825987035616
1107; 14406.480035088774; 15162.02423495344; 22962.48269915715
1108; 14404.968419675546; 15071.796168388248; 24374.978675545124
1109; 14404.968419675546; 15141.589160896609; 18984.291167934774
1110; 14402.321604718032; 15253.94367557806; 24507.6159337022
1111; 14401.019232023822; 15309.550873326738; 25833.1530482946
1112; 14395.292167466509; 15183.190676913571; 23044.5181381851
1113; 14391.342979814784; 15205.425901462037; 22809.69222901685
1114; 14390.32160471803; 15244.552648626008; 22964.057728051474
1115; 14386.372417066306; 15095.250566164104; 22654.350555466168
1116; 14354.265985556362; 15181.511554224982; 24570.062795031175
1117; 14354.265985556362; 15187.902238718252; 23097.97970006475
1118; 14354.265985556362; 15092.041100937307; 25519.596355828016
1119; 14376.185202426974; 15083.021632803511; 23083.141685452698
1120; 14376.185202426974; 15025.317786014408; 23063.633575860273
1121; 14376.185202426974; 15086.593141218164; 19629.823045791345
1122; 14346.694242874592; 15113.39480716998; 26075.394688465458
1123; 14293.224890268777; 15034.769356644862; 22786.436607482497
1124; 14283.007383567365; 15149.785665733081; 20682.947331376392
1125; 14283.007383567365; 15019.843426474075; 20728.631751190056
1126; 14275.787230744583; 15030.255151668272; 22763.67537202196
1127; 14270.043027243953; 14936.832162775268; 22314.659760199593
1128; 14270.043027243953; 14980.801719566132; 21164.17097002342
1129; 14270.043027243953; 15005.692570267584; 21973.335695732025
1130; 14264.525205405658; 14987.420818988669; 18861.832523455134
1131; 14264.525205405658; 14979.18764126277; 19637.413484539517
1132; 14254.036820818888; 15014.304547774149; 20992.703332513775
1133; 14254.036820818888; 14954.95652669978; 20203.402141089766
1134; 14254.036820818888; 14929.264273225026; 18914.63694489049
1135; 14254.036820818888; 14991.587403821808; 21956.360093319654
1136; 14254.036820818888; 14963.006555205102; 18817.26199611441
1137; 14254.036820818888; 14999.686565747365; 18858.740386684934
1138; 14254.036820818888; 15017.523284656241; 18866.85708298807
1139; 14248.613095022962; 14964.773629255451; 18851.4041690514
1140; 14248.613095022962; 14985.997176090634; 18780.82395441792
1141; 14248.613095022962; 14980.018077754301; 20347.751345232828
1142; 14248.613095022962; 15006.371414760986; 19267.540810292063
1143; 14248.613095022962; 14947.514005425768; 23614.480754488428
1144; 14248.613095022962; 14967.768038895507; 18993.795735358013
1145; 14248.613095022962; 14997.610662255483; 20821.07637675384
1146; 14127.528651068975; 14924.635138053805; 18774.820306015354
1147; 14248.613095022962; 14920.270081059101; 23729.050460234226
1148; 14248.613095022962; 14934.415354986666; 19779.90857484047
1149; 14248.613095022962; 14962.860837103219; 19877.529995268815
1150; 14243.252127661908; 14944.501747883998; 21664.141199341786
1151; 14243.252127661908; 15042.697450617206; 22038.698054614822
1152; 14243.252127661908; 14936.980484385851; 22575.82738030471
1153; 14238.573862266278; 14948.527645729777; 22264.706135914304
1154; 14238.573862266278; 15017.553137504101; 23116.125064472795
1155; 14240.039763052457; 14986.226015597505; 19762.076823947587
1156; 14240.039763052457; 15057.578765850176; 22580.28066801798
1157; 14240.039763052457; 14969.77603409877; 23429.361804564276
1158; 14240.039763052457; 14906.443814604416; 18810.89402637209
1159; 14239.932504294731; 14968.512682708695; 20756.164826408727
1160; 14221.097526143123; 14977.724536648613; 21933.580947521346
1161; 14221.097526143123; 14981.700656629855; 20838.57275920756
1162; 14221.097526143123; 15058.600710444614; 27190.142487807345
1163; 14221.097526143123; 15037.274711457263; 25671.158735808098
1164; 14221.097526143123; 15023.42298598465; 26119.722388539496
1165; 14221.097526143123; 14970.445513773906; 23923.595694273932
1166; 14231.877769105686; 14931.356374774821; 22905.815492444104
1167; 14231.877769105686; 14947.538529770034; 25090.29456962926
1168; 14231.877769105686; 14983.850750493471; 18852.35728012593
1169; 14231.877769105686; 14889.282418909503; 18854.707285933957
1170; 14231.877769105686; 14931.865055131282; 21673.96315561742
1171; 14226.786481623145; 14998.912705150975; 23553.821970408495
1172; 14231.877769105686; 14924.980410407714; 19461.857266797946
1173; 14222.45662103914; 14989.240953081684; 22731.56937697896
1174; 14211.378659778691; 14931.541744163618; 22838.534005059868
1175; 14201.957511712146; 14949.091691027006; 22424.774008616663
1176; 14201.957511712146; 14862.863442016016; 18820.50731208795
1177; 14201.957511712146; 14893.92764027584; 18809.938734079937
1178; 14201.957511712146; 14902.374483847487; 18759.79706460168
1179; 14201.957511712146; 14915.55138195552; 21942.013561383566
1180; 14201.957511712146; 14916.251253467412; 20125.463105124363
1181; 14181.04747458645; 14936.696458234235; 24471.30346869498
1182; 14181.04747458645; 14960.875345700406; 25169.04564359395
1183; 14181.04747458645; 15002.92984911015; 22896.977748773483
1184; 14181.04747458645; 14948.617860350914; 23785.15662862303
1185; 14198.498564376898; 14979.629432253381; 20810.69351543958
1186; 14141.978024056825; 15002.814358853064; 20636.70258493879
1187; 14138.519076721577; 14920.813739352514; 23519.367898748565
1188; 14138.519076721577; 14937.139999278086; 21624.944343683306
1189; 14138.519076721577; 14879.744352905645; 22275.29367742032
1190; 14138.519076721577; 14840.600355453043; 20137.137025324166
1191; 14098.078164072074; 14879.93612901254; 19632.830635361937
1192; 14098.078164072074; 14935.604674019078; 20957.6505732896
1193; 14098.078164072074; 14906.060334793781; 23195.415452996
1194; 14098.078164072074; 14800.278918853668; 20968.034899619674
1195; 14098.078164072074; 14850.397335679914; 18603.3570415912
1196; 14098.078164072074; 14845.79719488193; 19017.17797429397
1197; 14098.078164072074; 14845.130107226529; 22687.839852134526
1198; 14098.078164072074; 14794.157992457958; 18719.13896990962
1199; 14098.078164072074; 14855.47414534718; 20138.258258867125
1200; 14098.078164072074; 14787.232887539618; 18640.417710333655
1201; 14098.078164072074; 14824.094285976857; 21413.20067970058
1202; 14086.317165314267; 14831.551359965017; 20620.677252304704
1203; 14086.317165314267; 14775.096732425116; 18666.20931712326
1204; 14086.317165314267; 14833.50815693009; 21691.16047846873
1205; 14086.317165314267; 14766.948192148986; 18627.606776372057
1206; 14079.287728062744; 14751.869104095658; 18666.306629692903
1207; 14079.287728062744; 14807.282581959347; 21935.361659453803
1208; 14079.287728062744; 14868.442792325506; 22763.093512159976
1209; 14079.287728062744; 14787.613277923307; 22884.592158352098
1210; 14079.287728062744; 14787.319952094975; 18653.4991037649
1211; 14079.287728062744; 14823.88189003292; 22111.048000997853
1212; 14079.287728062744; 14788.21412341663; 18644.70860085343
1213; 14079.287728062744; 14784.629316176926; 19293.81882699495
1214; 14079.287728062744; 14761.008283330782; 18673.71758491549
1215; 14074.196440580206; 14750.563187309586; 23101.708467997756
1216; 14065.857099933826; 14886.745975261556; 23790.074208200418
1217; 14065.857099933826; 15101.691911991997; 24254.667933129913
1218; 14065.857099933826; 14997.572759718441; 25457.65155447654
1219; 14065.857099933826; 14787.828330006416; 20159.923788385422
1220; 14065.7498411761; 14739.1060271421; 25267.510249320614
1221; 14065.857099933826; 14825.628145159513; 22020.167608030824
1222; 14050.398152598578; 14746.351366952604; 26169.162031716904
1223; 14050.398152598578; 14830.627347301992; 18766.216523356914
1224; 14050.398152598578; 14715.367374275906; 22772.781470933358
1225; 14050.398152598578; 14804.286233312292; 23712.242324271356
1226; 14050.398152598578; 14798.584599290582; 22449.17206581434
1227; 14050.398152598578; 14763.851772712429; 21855.71871200299
1228; 14050.398152598578; 14764.134636311052; 18631.741078877953
1229; 14050.398152598578; 14775.273310998222; 21673.203386152807
1230; 14050.398152598578; 14812.232917136824; 18685.88421873017
1231; 14050.398152598578; 14803.66260661431; 18778.729093191658
1232; 14050.398152598578; 14673.719964227876; 20954.356900372753
1233; 14050.398152598578; 14736.012048921508; 18641.366091824584
1234; 14050.290893840853; 14763.220756936385; 22307.9333691674
1235; 14050.398152598578; 14739.010387803395; 25011.02822551823
1236; 14050.398152598578; 14798.268433196312; 18796.705347757365
1237; 14050.398152598578; 14746.914597479587; 19509.13607640398
1238; 14050.398152598578; 14752.410000529915; 19984.63533178982
1239; 14050.398152598578; 14755.12050299749; 20463.960576683916
1240; 14050.398152598578; 14779.653258745537; 19088.54437852753
1241; 14050.398152598578; 14729.861293679389; 19937.298037278775
1242; 14050.398152598578; 14758.656601050514; 21304.28397128481
1243; 14050.398152598578; 14729.36116020402; 19315.91612043822
1244; 14050.398152598578; 14713.387826616221; 18580.133491565557
1245; 14050.398152598578; 14770.023738243925; 18663.71742348718
1246; 14050.398152598578; 14777.365633717294; 21731.788653617663
1247; 14050.398152598578; 14789.484351320867; 22838.67927987333
1248; 14050.398152598578; 14746.57143818079; 19913.444341166778
1249; 14050.398152598578; 14748.713054204944; 18605.31527609648
1250; 14050.398152598578; 14709.619860735022; 22577.257326166735
1251; 14007.65323945073; 14747.59308449166; 19040.109652608608
1252; 14007.65323945073; 14769.945760631459; 18656.841047459173
1253; 14007.65323945073; 14756.680497541074; 19200.89785674374
1254; 14007.65323945073; 14704.447642530251; 22757.796304312902
1255; 14007.65323945073; 14713.686003830637; 19751.977261010776
1256; 14002.682676702254; 14734.823587274566; 19709.901716544515
1257; 14002.682676702252; 14718.004139109462; 22110.91260493788
1258; 14002.682676702252; 14682.760673794508; 19280.38458101868
1259; 14002.682676702252; 14730.07115165232; 21030.85894107714
1260; 14002.682676702252; 14689.994783543376; 18809.543406195226
1261; 14002.682676702252; 14714.747573608513; 19066.8961254787
1262; 14002.682676702252; 14701.16107630319; 22935.576376365734
1263; 13990.682676702252; 14637.930023912448; 18592.007133030558
1264; 13990.682676702252; 14679.279475827894; 20380.21660174226
1265; 13990.682676702252; 14743.606456597687; 22003.131802387838
1266; 13990.682676702252; 14781.555455897651; 22294.86402055255
1267; 13990.682676702252; 14752.650825579683; 22073.939846021847
1268; 13990.682676702252; 14637.725377993725; 18569.888133709188
1269; 13990.682676702252; 14694.822027780672; 18554.635503334568
1270; 13990.682676702252; 14652.307887433995; 18532.951523525233
1271; 13990.682676702252; 14688.228686170285; 18620.53191257678
1272; 13990.682676702252; 14645.910891592795; 18616.27888505087
1273; 13990.682676702252; 14736.669253754288; 18793.75907186933
1274; 13990.682676702252; 14721.993776667674; 18554.635503334568
1275; 13990.682676702252; 14671.279083282006; 18751.890213432904
1276; 13987.603278246457; 14686.35312701866; 18572.0495652556
1277; 13987.603278246457; 14708.64733439945; 22093.613562217888
1278; 13987.603278246457; 14643.625605303963; 20644.864741349484
1279; 13987.603278246457; 14676.988577672768; 20211.08448767314
1280; 13985.69517912112; 14677.31340894974; 21848.56497111238
1281; 13985.69517912112; 14774.781223278484; 21862.737241496896
1282; 13974.095546903918; 14672.779842528338; 25699.329901470588
1283; 13974.095546903918; 14850.746402963787; 28177.152082717526
1284; 13974.095546903918; 14878.922427201007; 23137.29772890184
1285; 13974.095546903918; 14846.978093088863; 22509.359094921787
1286; 13974.095546903918; 14645.934863209362; 22278.94633554553
1287; 13974.095546903918; 14681.901460784737; 19348.984291864563
1288; 13974.005361346279; 14720.005054464355; 25606.28193111397
1289; 13974.005361346279; 14649.479497133647; 18529.50676583797
1290; 13955.153309994583; 14613.822837035983; 18539.453102755782
1291; 13955.153309994583; 14668.851854296212; 22462.17143968243
1292; 13956.763377570314; 14682.633334750773; 20834.465154229187
1293; 13956.763377570314; 14656.939041205063; 25638.954379315226
1294; 13956.763377570314; 14638.537039337083; 18567.351984070472
1295; 13956.763377570314; 14687.060656507996; 18562.946188812162
1296; 13956.763377570314; 14709.00142863994; 22479.85486002007
1297; 13956.763377570314; 14701.101542724233; 20608.68487074183
1298; 13956.763377570314; 14648.542349707815; 22587.88123709651
1299; 13956.763377570314; 14662.460185834403; 19669.226934746523
1300; 13956.763377570314; 14661.160559569018; 21811.03627110405
1301; 13956.763377570314; 14628.335471828595; 22749.56379583234
1302; 13956.763377570314; 14632.952643951212; 18513.73429524446
1303; 13956.763377570314; 14666.516273758158; 18606.875117055144
1304; 13956.763377570314; 14661.939957520994; 19384.352558543334
1305; 13956.763377570314; 14629.27301868816; 20817.872231531317
1306; 13956.763377570314; 14703.06768820307; 20195.80068859101
1307; 13956.763377570314; 14627.420030502652; 18520.720675846456
1308; 13946.274992983543; 14620.13551985497; 20381.597345316586
1309; 13946.274992983543; 14636.287489166223; 18878.535166494577
1310; 13946.274992983543; 14688.273231594058; 19205.894673937193
1311; 13946.274992983543; 14680.67005318257; 22542.427908698784
1312; 13946.274992983543; 14595.925102634585; 18868.046781907804
1313; 13946.274992983543; 14592.340193043592; 18868.046781907804
1314; 13946.274992983543; 14614.448263429249; 22923.65548631569
1315; 13946.274992983543; 14667.553442013483; 21048.1655918458
1316; 13941.328576698907; 14667.598975710953; 19567.229900153347
1317; 13941.328576698907; 14715.866718680432; 19250.95894377226
1318; 13941.328576698907; 14635.330431988436; 24458.042733704617
1319; 13941.328576698907; 14680.583264088868; 22690.06517825612
1320; 13936.65031130328; 14615.953789207682; 21369.396186832295
1321; 13941.328576698907; 14664.797642518111; 22989.808090205493
1322; 13941.328576698907; 14635.015975820708; 20763.835152593558
1323; 13941.328576698907; 14650.22548705438; 18863.100365623166
1324; 13941.328576698907; 14664.61508659031; 22515.766618932044
1325; 13905.27295753724; 14682.64314335512; 20561.301961911708
1326; 13940.884419396967; 14655.199580443596; 24853.87905728045
1327; 13941.328576698907; 14719.506139513778; 23045.200959777405
1328; 13941.328576698907; 14695.624352129156; 18548.45504525586
1329; 13941.328576698907; 14750.967294578642; 22182.498725905527
1330; 13941.328576698907; 14661.46938341508; 18852.768371305312
1331; 13941.328576698907; 14626.599488750175; 18852.768371305312
1332; 13941.328576698907; 14566.420649907775; 18481.195134648016
1333; 13925.069834898784; 14611.48864760372; 22469.412741835997
1334; 13925.069834898784; 14759.648908560266; 22870.244418012055
1335; 13925.069834898784; 14670.371218909544; 22407.606779951675
1336; 13941.328576698907; 14554.365619463066; 19478.587558284868
1337; 13941.328576698907; 14627.679233632729; 18546.489157532633
1338; 13941.328576698907; 14666.514842936078; 19971.81844041606
1339; 13941.328576698907; 14649.949276488725; 22101.31979000368
1340; 13941.328576698907; 14669.659333760665; 21774.18412451174
1341; 13941.328576698907; 14674.083382754437; 18546.03214256495
1342; 13941.328576698907; 14696.669008536905; 22030.565687137223
1343; 13905.27295753724; 14678.387839068637; 21715.237408237368
1344; 13905.27295753724; 14710.855897576188; 23031.75858455963
1345; 13941.328576698907; 14613.804738844114; 21562.420337002364
1346; 13941.328576698907; 14683.460997503129; 20921.80519301506
1347; 13941.328576698907; 14616.152777535024; 20744.387468878962
1348; 13941.328576698907; 14635.75880091385; 18689.57358369567
1349; 13924.679037761302; 14627.455537953196; 28197.997421691613
1350; 13870.470780347836; 14673.252474975461; 20653.45671658413
1351; 13870.470780347836; 14647.502357966348; 19823.80479219669
1352; 13847.083080319864; 14570.24808129825; 18455.34481997969
1353; 13847.083080319864; 14569.226810683496; 22919.71200007861
1354; 13870.470780347836; 14588.298444997969; 19439.02810763673
1355; 13870.470780347836; 14604.060227047525; 22034.515110139422
1356; 13870.470780347836; 14596.843743586653; 21742.64071250445
1357; 13870.470780347836; 14577.917633258008; 18436.311006954205
1358; 13854.212038547716; 14599.098097648748; 23950.85663519734
1359; 13870.470780347836; 14645.235117339773; 19600.99463053798
1360; 13870.470780347836; 14548.426113849975; 18889.3526963175
1361; 13870.470780347836; 14583.67078938839; 18475.63136118156
1362; 13870.470780347836; 14518.366773616099; 21625.44823060138
1363; 13870.470780347836; 14600.74583783146; 18445.39765851628
1364; 13870.470780347836; 14590.813834719456; 21035.24443128023
1365; 13870.470780347836; 14579.817902998644; 19342.171149140628
1366; 13870.470780347836; 14616.003792119387; 22603.631311800713
1367; 13870.470780347836; 14508.77883065931; 18501.32175280616
1368; 13870.470780347836; 14620.279587256138; 21941.769208959362
1369; 13870.470780347836; 14643.39867462576; 20213.446928205558
1370; 13870.470780347836; 14509.102537949331; 21559.87747642204
1371; 13870.470780347836; 14589.798146018316; 18660.691942346104
1372; 13864.614733791383; 14626.837343277666; 20144.512758147313
1373; 13864.614733791383; 14573.872285237538; 19721.672741618357
1374; 13830.235563788328; 14507.059957816524; 22396.32119385168
1375; 13830.235563788328; 14742.034856739205; 23104.47534425032
1376; 13864.614733791383; 14548.512569224455; 22381.230830780103
1377; 13864.614733791383; 14499.070831133351; 18488.483164166446
1378; 13864.614733791383; 14623.748653173758; 18480.253506379297
1379; 13864.614733791383; 14577.529524099116; 18448.560635275153
1380; 13859.936468395754; 14566.009657367853; 20465.7665294085
1381; 13859.936468395754; 14612.455305471416; 22994.35672236884
1382; 13859.936468395754; 14719.00323822132; 25727.38847470373
1383; 13859.936468395754; 14725.679264145283; 23829.735057540664
1384; 13859.936468395754; 14546.35611731111; 21705.33163857125
1385; 13864.614733791383; 14513.788901524387; 24131.431912042062
1386; 13864.614733791383; 14542.800203581593; 20924.592613336277
1387; 13864.614733791383; 14566.42123383075; 23503.19317370594
1388; 13864.614733791383; 14589.02032928542; 18909.559968309368
1389; 13751.77194402938; 14564.598479286331; 18494.828121450548
1390; 13749.422776417501; 14505.529845477877; 18410.944342961564
1391; 13749.422776417501; 14409.81172491523; 19667.258402911833
1392; 13749.422776417501; 14388.44745177964; 23499.91677506101
1393; 13749.422776417501; 14442.354586982454; 21150.944545052826
1394; 13749.422776417501; 14458.36868979066; 18840.87134081083
1395; 13749.422776417501; 14457.662997825695; 19349.499074970438
1396; 13749.422776417501; 14475.901448784585; 19663.511069071395
1397; 13711.380229901362; 14417.776528246137; 21239.88250953971
1398; 13711.380229901362; 14484.560196137185; 23266.002071600422
1399; 13711.380229901362; 14403.208100506963; 19180.241118912658
1400; 13711.380229901362; 14413.036768987042; 18316.54081073509
1401; 13711.380229901362; 14454.478642157681; 18307.606959201872
1402; 13711.380229901362; 14411.809280457335; 18324.200492070544
1403; 13711.380229901362; 14465.726558365186; 18453.260911044035
1404; 13711.380229901362; 14416.213141742908; 24181.627125888004
1405; 13711.380229901362; 14482.157994489431; 18674.98470272013
1406; 13711.380229901362; 14429.733906077512; 19137.36500871593
1407; 13711.380229901362; 14452.667892866742; 21902.042736945754
1408; 13711.380229901362; 14428.875514129199; 20378.339419809556
1409; 13711.380229901362; 14409.751939526739; 18279.455020750076
1410; 13711.380229901362; 14367.782251235143; 22237.32309599267
1411; 13711.380229901362; 14408.32605603759; 23633.88175496485
1412; 13704.332888349592; 14440.861943643287; 18316.44749555868
1413; 13704.332888349592; 14416.23022111621; 18851.41193090045
1414; 13704.332888349592; 14416.387302055771; 23203.000600423253
1415; 13699.362325601114; 14414.349320740801; 18287.798310998798
1416; 13699.362325601114; 14394.066114238396; 18307.969754591068
1417; 13699.362325601114; 14491.415988669072; 21767.561914908754
1418; 13699.362325601114; 14417.524524698612; 18313.46560386142
1419; 13699.362325601114; 14425.174793770606; 18610.943771708124
1420; 13699.362325601114; 14366.880208405837; 18233.853042717063
1421; 13699.362325601114; 14399.626296826966; 18693.309066028574
1422; 13699.362325601114; 14430.928270523513; 19639.60149231804
1423; 13699.362325601114; 14416.291567549131; 18331.99327604045
1424; 13699.362325601114; 14344.43408932761; 21022.336179661717
1425; 13699.362325601114; 14448.514853031975; 18305.356295109294
1426; 13699.362325601114; 14441.564594554124; 19626.09705521315
1427; 13699.362325601114; 14445.087145765427; 21770.059686570727
1428; 13699.362325601114; 14407.337851101982; 18616.670402640328
1429; 13699.362325601114; 14397.109274522556; 18202.4586726384
1430; 13699.362325601114; 14437.175166943782; 21235.88748000755
1431; 13699.362325601114; 14384.359401712203; 22902.899823860975
1432; 13699.362325601114; 14404.79533748886; 20864.99827595303
1433; 13699.362325601114; 14386.858016584954; 20144.88815212136
1434; 13699.362325601114; 14425.424847862865; 18326.229035873148
1435; 13699.362325601114; 14427.378966928523; 19382.79745080396
1436; 13699.362325601114; 14401.240786505701; 18298.765732567594
1437; 13699.362325601114; 14422.810872161495; 19466.21531318892
1438; 13699.362325601114; 14406.748907065155; 18275.9280405855
1439; 13699.362325601114; 14376.448821501608; 20121.253489172126
1440; 13699.362325601114; 14410.310316321094; 18303.67706557155
1441; 13699.362325601114; 14390.615188514588; 18926.79421084983
1442; 13699.362325601114; 14397.836830681394; 18245.480266435272
1443; 13699.362325601114; 14350.03804464725; 19646.181467241422
1444; 13699.362325601114; 14401.239657501983; 18298.119314257376
1445; 13699.362325601114; 14378.401079268924; 20035.569719737647
1446; 13699.362325601114; 14389.273471863362; 23215.572606642003
1447; 13699.362325601114; 14439.640915001328; 18316.490699978225
1448; 13699.362325601114; 14473.838626740922; 22104.08587610746
1449; 13636.115644087957; 14399.97362502204; 19183.76529694215
1450; 13636.115644087957; 14463.75570298391; 24556.177676929903
1451; 13636.115644087957; 14476.062169740793; 22964.04618814049
1452; 13636.115644087957; 14736.137011174093; 25839.542634894085
1453; 13636.115644087957; 15067.21393244719; 25374.44100138617
1454; 13635.290282806043; 14667.164553618002; 25041.165022854864
1455; 13634.272358388605; 14345.666760259968; 22516.344175573642
1456; 13634.272358388605; 14289.433700818683; 21541.554205378772
1457; 13634.272358388605; 14378.825636070591; 20355.041298070173
1458; 13634.272358388605; 14376.400162323787; 18219.34677242513
1459; 13634.272358388605; 14381.003716986566; 23042.49411365346
1460; 13634.272358388605; 14279.564563044094; 18203.963219516347
1461; 13634.272358388605; 14353.417580441701; 19351.778753862596
1462; 13634.272358388605; 14364.370183154342; 18167.871656846248
1463; 13634.272358388605; 14368.346497988521; 18178.177650563073
1464; 13634.272358388605; 14332.292314704739; 21649.170801435914
1465; 13634.272358388605; 14358.375272816469; 20440.61756479496
1466; 13634.272358388605; 14268.912298691923; 18217.773397650657
1467; 13634.272358388605; 14331.366364164953; 18903.774903680383
1468; 13634.272358388605; 14278.663181232425; 18228.016850738844
1469; 13634.272358388605; 14314.664598421872; 18181.758977905833
1470; 13634.272358388605; 14308.848094854993; 20504.246977316317
1471; 13634.272358388605; 14308.780144307393; 18183.279677670416
1472; 13634.272358388605; 14304.996838627329; 19002.68423960838
1473; 13586.069317926142; 14354.934828002453; 19080.46589879995
1474; 13586.069317926142; 14338.282579435465; 18188.876949309364
1475; 13574.41977051659; 14327.027899910048; 19604.01860769822
1476; 13574.41977051659; 14315.088826835368; 19135.03641500272
1477; 13574.41977051659; 14321.616307558204; 18555.96646339454
1478; 13574.41977051659; 14245.595329997559; 21353.09984272337
1479; 13574.41977051659; 14222.915974684778; 18187.02752730097
1480; 13574.41977051659; 14236.652058471094; 18190.054509261183
1481; 13574.41977051659; 14254.02092462069; 18205.270742974913
1482; 13574.41977051659; 14233.710949746088; 18159.785324757926
1483; 13574.41977051659; 14211.526127033512; 18147.294132367835
1484; 13574.41977051659; 14300.306535274047; 18138.383489742962
1485; 13574.41977051659; 14336.176206419825; 18172.0297666635
1486; 13563.877295513508; 14275.545912333853; 24065.588274445454
1487; 13563.877295513508; 14282.797817282217; 20371.699339557246
1488; 13563.877295513508; 14287.37317663111; 18194.76229629367
1489; 13563.877295513508; 14326.635032950519; 18724.526941600638
1490; 13563.877295513508; 14237.618381762897; 18136.845531959443
1491; 13563.877295513508; 14296.852453913436; 21620.682682716495
1492; 13563.877295513508; 14297.081488328417; 21026.445254488506
1493; 13563.877295513508; 14244.048785322277; 19292.342848254557
1494; 13563.877295513508; 14254.801307668962; 22374.751799644157
1495; 13563.877295513508; 14291.024688211573; 18108.01974177538
1496; 13563.877295513508; 14317.630524420678; 18848.359369275982
1497; 13563.877295513508; 14270.054582043607; 21062.046167997803
1498; 13563.877295513508; 14324.849716073146; 20770.252659418384
1499; 13558.684441976882; 14304.094459656224; 18182.891173393436
1500; 13558.684441976882; 14321.937954396715; 19762.18006800093
